       1 0.183059   0.00004168
       2 0.366661   0.00004162
       3 0.550132   0.00004160
       4 0.734347   0.00004156
       6 1.099761   0.00004162
       8 1.461477   0.00004176
      12 2.188551   0.00004183
      13 2.381084   0.00004165
      16 2.930361   0.00004166
      19 3.473543   0.00004173
      21 3.836884   0.00004176
      24 4.391032   0.00004170
      27 4.942973   0.00004167
      29 5.301422   0.00004173
      32 5.842404   0.00004179
      35 6.389070   0.00004179
      45 8.236542   0.00004168
      48 8.772722   0.00004174
      51 9.314994   0.00004177
      61 11.153097   0.00004173
      64 11.690976   0.00004177
      67 12.175035   0.00004199
      93 16.996640   0.00004175
      96 17.479156   0.00004190
      99 17.893892   0.00004221
     125 22.604952   0.00004219
     128 23.274584   0.00004196
     131 23.725046   0.00004213
     189 34.320663   0.00004201
     192 34.684867   0.00004223
     195 35.299266   0.00004215
     253 45.519635   0.00004240
     256 46.056964   0.00004241
     259 46.372330   0.00004261
     381 67.771267   0.00004289
     384 68.213870   0.00004295
     387 68.813987   0.00004291
     509 90.119382   0.00004309
     512 90.498612   0.00004316
     515 90.786630   0.00004328
     765 132.358686   0.00004410
     768 133.733813   0.00004381
     771 134.140055   0.00004385
    1021 175.062922   0.00004450
    1024 174.337957   0.00004481
    1027 175.207323   0.00004472
    1533 97.993762   0.00011935
    1536 125.075261   0.00009369
    1539 124.848503   0.00009405
    2045 186.506659   0.00008365
    2048 185.375985   0.00008429
    2051 185.517342   0.00008435
    3069 268.985473   0.00008705
    3072 270.297929   0.00008671
    3075 268.702095   0.00008731
    4093 375.472462   0.00008317
    4096 287.267215   0.00010878
    4099 368.681833   0.00008482
    6141 523.032034   0.00008958
    6144 492.442502   0.00009519
    6147 511.164156   0.00009175
    8189 654.804323   0.00009541
    8192 648.915819   0.00009631
    8195 653.845703   0.00009562
   12285 790.563156   0.00011856
   12288 768.924599   0.00012192
   12291 772.697055   0.00012136
   16381 983.252494   0.00012711
   16384 977.708318   0.00012785
   16387 1006.670630   0.00012419
   24573 1277.298346   0.00014678
   24576 1301.505779   0.00014406
   24579 1304.812528   0.00014372
   32765 1488.762157   0.00016791
   32768 1500.864209   0.00016657
   32771 1656.312223   0.00015095
   49149 1722.429424   0.00021770
   49152 1956.668329   0.00019165
   49155 1961.709128   0.00019117
   65533 1946.607827   0.00025685
   65536 1976.105361   0.00025302
   65539 1945.732708   0.00025698
   98301 2493.218426   0.00030081
   98304 2813.135223   0.00026661
   98307 2902.362245   0.00025842
  131069 2777.956332   0.00035997
  131072 2799.902054   0.00035716
  131075 2779.754790   0.00035975
  196605 3312.000000   0.00045289
  196608 3430.436748   0.00043726
  196611 3512.903282   0.00042700
  262141 3782.551898   0.00052874
  262144 3753.435097   0.00053285
  262147 3682.738451   0.00054308
  393213 4024.345471   0.00074546
  393216 3959.163777   0.00075774
  393219 4027.932983   0.00074480
  524285 4070.050945   0.00098278
  524288 4042.410428   0.00098951
  524291 4001.056944   0.00099974
  786429 4069.523201   0.00147437
  786432 4121.633495   0.00145573
  786435 4155.329161   0.00144393
 1048573 4004.159699   0.00199792
 1048576 4134.284524   0.00193504
 1048579 4069.603016   0.00196580
 1572861 4140.783277   0.00289800
 1572864 4136.475769   0.00290102
 1572867 4132.465891   0.00290384
 2097149 4217.831583   0.00379341
 2097152 4152.726819   0.00385289
 2097155 4212.795836   0.00379796
 3145725 4289.360196   0.00559523
 3145728 4355.532962   0.00551023
 3145731 4314.969839   0.00556204
 4194301 4288.281366   0.00746219
 4194304 4293.959647   0.00745233
 4194307 4347.089068   0.00736125
 6291453 4093.027981   0.01172725
 6291456 4034.261485   0.01189809
 6291459 3396.577352   0.01413188
 8388605 4348.704147   0.01471702
 8388608 4459.110112   0.01435264
 8388611 4691.917570   0.01364048
