       1 0.182290   0.00004185
       2 0.363968   0.00004192
       3 0.545932   0.00004192
       4 0.726375   0.00004201
       6 1.095561   0.00004178
       8 1.456261   0.00004191
      12 2.172871   0.00004213
      13 2.380351   0.00004167
      16 2.924295   0.00004174
      19 3.458638   0.00004191
      21 3.807322   0.00004208
      24 4.365100   0.00004195
      27 4.904130   0.00004200
      29 5.262990   0.00004204
      32 5.807748   0.00004204
      35 6.345623   0.00004208
      45 8.190958   0.00004191
      48 8.706009   0.00004206
      51 9.278583   0.00004194
      61 11.103257   0.00004192
      64 11.604913   0.00004208
      67 12.160301   0.00004204
      93 16.754122   0.00004235
      96 17.265853   0.00004242
      99 17.840645   0.00004234
     125 22.600209   0.00004220
     128 23.095158   0.00004228
     131 23.621615   0.00004231
     189 33.835197   0.00004262
     192 34.295846   0.00004271
     195 34.693072   0.00004288
     253 44.964566   0.00004293
     256 45.325187   0.00004309
     259 46.107003   0.00004286
     381 66.977714   0.00004340
     384 67.531582   0.00004338
     387 68.167469   0.00004331
     509 89.292212   0.00004349
     512 88.958123   0.00004391
     515 90.025378   0.00004364
     765 131.654540   0.00004433
     768 132.225757   0.00004431
     771 133.385845   0.00004410
    1021 173.261293   0.00004496
    1024 174.227804   0.00004484
    1027 173.960643   0.00004504
    1533 124.462143   0.00009397
    1536 126.300032   0.00009279
    1539 126.726143   0.00009265
    2045 184.668011   0.00008449
    2048 186.081636   0.00008397
    2051 185.198800   0.00008449
    3069 268.262978   0.00008728
    3072 269.266565   0.00008704
    3075 268.066968   0.00008752
    4093 363.555837   0.00008589
    4096 354.548820   0.00008814
    4099 360.796552   0.00008668
    6141 498.297838   0.00009402
    6144 507.031296   0.00009245
    6147 503.201554   0.00009320
    8189 653.322451   0.00009563
    8192 647.977157   0.00009645
    8195 630.646546   0.00009914
   12285 802.284090   0.00011683
   12288 810.174373   0.00011572
   12291 795.317259   0.00011791
   16381 974.373107   0.00012826
   16384 980.856554   0.00012744
   16387 977.890869   0.00012785
   24573 1285.069502   0.00014589
   24576 1323.600432   0.00014166
   24579 1360.855237   0.00013780
   32765 1772.808262   0.00014101
   32768 1625.823834   0.00015377
   32771 1651.303941   0.00015141
   49149 2119.637751   0.00017691
   49152 2066.040507   0.00018151
   49155 2103.282282   0.00017830
   65533 2376.129902   0.00021042
   65536 2453.699365   0.00020377
   65539 2533.932478   0.00019733
   98301 2801.585161   0.00026770
   98304 2913.003581   0.00025747
   98307 2979.738241   0.00025171
  131069 2787.249031   0.00035877
  131072 2801.994800   0.00035689
  131075 2792.131653   0.00035816
  196605 3452.308312   0.00043449
  196608 3567.794604   0.00042043
  196611 3532.965545   0.00042458
  262141 3682.288126   0.00054313
  262144 3687.379499   0.00054239
  262147 3687.747665   0.00054234
  393213 4038.215456   0.00074290
  393216 3999.132837   0.00075016
  393219 4002.395369   0.00074956
  524285 4052.288724   0.00098709
  524288 4081.590868   0.00098001
  524291 4006.625454   0.00099835
  786429 4139.971573   0.00144928
  786432 4118.837740   0.00145672
  786435 4072.104091   0.00147345
 1048573 4037.660593   0.00198134
 1048576 4111.589106   0.00194572
 1048579 4078.556374   0.00196148
 1572861 4129.720930   0.00290576
 1572864 4079.987089   0.00294119
 1572867 4165.030573   0.00288114
 2097149 4216.325907   0.00379477
 2097152 4165.287168   0.00384127
 2097155 4166.665775   0.00384001
 3145725 4246.158938   0.00565216
 3145728 4243.628140   0.00565554
 3145731 4254.090868   0.00564163
 4194301 4299.394320   0.00744290
 4194304 4263.587294   0.00750542
 4194307 4270.418310   0.00749342
 6291453 4297.448218   0.01116941
 6291456 4334.637902   0.01107359
 6291459 3941.135913   0.01217924
 8388605 4271.738892   0.01498218
 8388608 4379.211650   0.01461450
 8388611 5114.616874   0.01251316
