       1 0.183451   0.00004159
       2 0.364259   0.00004189
       3 0.547933   0.00004177
       4 0.729455   0.00004184
       6 1.095721   0.00004178
       8 1.456362   0.00004191
      12 2.190181   0.00004180
      13 2.379457   0.00004168
      16 2.918325   0.00004183
      19 3.461782   0.00004187
      21 3.821573   0.00004192
      24 4.361252   0.00004198
      27 4.916750   0.00004190
      29 5.277565   0.00004192
      32 5.861745   0.00004165
      35 6.350717   0.00004205
      45 8.176297   0.00004199
      48 8.716756   0.00004201
      51 9.267288   0.00004199
      61 11.068790   0.00004205
      64 11.609448   0.00004206
      67 12.189903   0.00004193
      93 16.839516   0.00004214
      96 17.318575   0.00004229
      99 17.995625   0.00004197
     125 22.397734   0.00004258
     128 23.036141   0.00004239
     131 23.791981   0.00004201
     189 33.877666   0.00004256
     192 34.350798   0.00004264
     195 35.026881   0.00004247
     253 45.204289   0.00004270
     256 45.471788   0.00004295
     259 46.026787   0.00004293
     381 67.196479   0.00004326
     384 68.152293   0.00004299
     387 68.266092   0.00004325
     509 89.321053   0.00004348
     512 89.674884   0.00004356
     515 90.360252   0.00004348
     765 132.352054   0.00004410
     768 132.891734   0.00004409
     771 133.590624   0.00004403
    1021 173.351505   0.00004494
    1024 173.071108   0.00004514
    1027 174.606261   0.00004487
    1533 125.995084   0.00009283
    1536 121.923545   0.00009612
    1539 122.894443   0.00009554
    2045 183.270853   0.00008513
    2048 184.481411   0.00008470
    2051 183.677014   0.00008519
    3069 267.769828   0.00008744
    3072 267.911480   0.00008748
    3075 268.584252   0.00008735
    4093 357.565093   0.00008733
    4096 357.332507   0.00008745
    4099 357.132944   0.00008757
    6141 496.378529   0.00009439
    6144 497.127649   0.00009429
    6147 501.176555   0.00009358
    8189 641.382523   0.00009741
    8192 625.463049   0.00009993
    8195 639.942214   0.00009770
   12285 781.491523   0.00011993
   12288 754.371875   0.00012428
   12291 748.529969   0.00012528
   16381 975.223878   0.00012815
   16384 984.490704   0.00012697
   16387 978.110121   0.00012782
   24573 1312.414499   0.00014285
   24576 1334.071014   0.00014055
   24579 1312.104908   0.00014292
   32765 1657.979646   0.00015077
   32768 1592.049154   0.00015703
   32771 1590.621128   0.00015719
   49149 1877.766250   0.00019969
   49152 1990.532012   0.00018839
   49155 2039.031849   0.00018392
   65533 2200.127730   0.00022725
   65536 2317.423062   0.00021576
   65539 2297.901560   0.00021760
   98301 2835.944395   0.00026445
   98304 2905.680722   0.00025812
   98307 2948.079831   0.00025441
  131069 2729.417263   0.00036637
  131072 2785.001228   0.00035907
  131075 2767.332447   0.00036137
  196605 3427.268611   0.00043766
  196608 3260.449712   0.00046006
  196611 3362.312422   0.00044613
  262141 3909.718324   0.00051154
  262144 3726.178782   0.00053674
  262147 3800.499680   0.00052625
  393213 3967.122895   0.00075621
  393216 3943.095930   0.00076082
  393219 3983.543948   0.00075310
  524285 4071.970500   0.00098232
  524288 4004.366869   0.00099891
  524291 4051.972091   0.00098718
  786429 4024.346552   0.00149092
  786432 4103.589795   0.00146213
  786435 4112.728045   0.00145889
 1048573 4204.780059   0.00190259
 1048576 4052.053543   0.00197431
 1048579 4124.194385   0.00193978
 1572861 4140.490328   0.00289820
 1572864 4157.474201   0.00288637
 1572867 4134.031529   0.00290274
 2097149 4118.446052   0.00388495
 2097152 4137.892882   0.00386670
 2097155 4216.722318   0.00379442
 3145725 4265.375928   0.00562670
 3145728 4372.059692   0.00548940
 3145731 4317.684331   0.00555854
 4194301 4304.247625   0.00743451
 4194304 4287.672536   0.00746326
 4194307 4290.073964   0.00745908
 6291453 3908.050845   0.01228233
 6291456 3645.530189   0.01316681
 6291459 3705.851598   0.01295249
 8388605 3858.132559   0.01658833
 8388608 4559.051897   0.01403801
 8388611 4381.309845   0.01460751
