       1 0.181437   0.00004205
       2 0.362959   0.00004204
       3 0.543479   0.00004211
       4 0.721759   0.00004228
       6 1.089242   0.00004203
       8 1.455185   0.00004194
      12 2.180521   0.00004199
      13 2.371951   0.00004181
      16 2.913263   0.00004190
      19 3.451426   0.00004200
      21 3.822351   0.00004192
      24 4.353361   0.00004206
      27 4.874047   0.00004226
      29 5.253387   0.00004212
      32 5.788336   0.00004218
      35 6.361684   0.00004197
      45 8.105362   0.00004236
      48 8.662084   0.00004228
      51 9.265556   0.00004199
      61 11.077956   0.00004201
      64 11.605788   0.00004207
      67 12.189168   0.00004194
      93 16.707780   0.00004247
      96 17.252744   0.00004245
      99 17.846405   0.00004232
     125 22.595675   0.00004221
     128 23.027751   0.00004241
     131 23.405831   0.00004270
     189 33.869079   0.00004257
     192 34.109177   0.00004295
     195 34.525020   0.00004309
     253 44.280067   0.00004359
     256 45.130196   0.00004328
     259 45.647815   0.00004329
     381 67.044252   0.00004336
     384 67.466680   0.00004342
     387 68.013764   0.00004341
     509 89.228139   0.00004352
     512 89.185379   0.00004380
     515 90.075691   0.00004362
     765 131.616879   0.00004434
     768 132.108712   0.00004435
     771 132.257524   0.00004448
    1021 172.664642   0.00004511
    1024 173.895545   0.00004493
    1027 172.488450   0.00004543
    1533 121.978959   0.00009588
    1536 120.988574   0.00009686
    1539 124.654629   0.00009419
    2045 184.403874   0.00008461
    2048 162.210676   0.00009633
    2051 182.828754   0.00008559
    3069 266.320915   0.00008792
    3072 267.673566   0.00008756
    3075 268.699551   0.00008731
    4093 354.525970   0.00008808
    4096 353.523201   0.00008840
    4099 355.216672   0.00008804
    6141 492.158390   0.00009520
    6144 494.450502   0.00009480
    6147 494.940503   0.00009475
    8189 668.264594   0.00009349
    8192 621.097847   0.00010063
    8195 623.332191   0.00010030
   12285 781.065831   0.00012000
   12288 768.493560   0.00012199
   12291 791.663971   0.00011845
   16381 995.720654   0.00012551
   16384 965.101955   0.00012952
   16387 966.936606   0.00012930
   24573 1286.177605   0.00014576
   24576 1286.724143   0.00014572
   24579 1303.201945   0.00014389
   32765 1681.854910   0.00014863
   32768 1565.776067   0.00015967
   32771 1732.409000   0.00014432
   49149 1811.911518   0.00020695
   49152 1961.610027   0.00019117
   49155 2033.372882   0.00018443
   65533 2356.500117   0.00021217
   65536 2407.246298   0.00020771
   65539 2392.434549   0.00020900
   98301 2449.649639   0.00030616
   98304 2935.078624   0.00025553
   98307 2937.567418   0.00025532
  131069 2778.781967   0.00035986
  131072 2744.605411   0.00036435
  131075 2762.717463   0.00036197
  196605 3295.262220   0.00045519
  196608 3483.238282   0.00043063
  196611 3398.387642   0.00044139
  262141 3671.389015   0.00054475
  262144 3675.688577   0.00054412
  262147 3704.835361   0.00053984
  393213 3947.765512   0.00075992
  393216 3963.466258   0.00075691
  393219 3894.955553   0.00077023
  524285 4045.649426   0.00098871
  524288 4008.136099   0.00099797
  524291 4007.756897   0.00099807
  786429 4000.331907   0.00149987
  786432 4013.404359   0.00149499
  786435 4033.903573   0.00148740
 1048573 4049.366107   0.00197561
 1048576 4005.322854   0.00199734
 1048579 4013.901177   0.00199308
 1572861 4131.938167   0.00290420
 1572864 4072.499250   0.00294659
 1572867 4095.409414   0.00293012
 2097149 4120.181552   0.00388332
 2097152 4097.969697   0.00390437
 2097155 4208.271818   0.00380204
 3145725 4193.009843   0.00572381
 3145728 4223.863042   0.00568200
 3145731 4159.941213   0.00576932
 4194301 4248.025244   0.00753291
 4194304 4167.303347   0.00767883
 4194307 4163.331381   0.00768616
 6291453 4575.636846   0.01049034
 6291456 4613.614254   0.01040399
 6291459 4717.414896   0.01017507
 8388605 4585.555467   0.01395686
 8388608 4665.346005   0.01371817
 8388611 4733.200047   0.01352151
