       1 0.182211   0.00004187
       2 0.363958   0.00004192
       3 0.546930   0.00004185
       4 0.729028   0.00004186
       6 1.087652   0.00004209
       8 1.453249   0.00004200
      12 2.172597   0.00004214
      13 2.375707   0.00004175
      16 2.919901   0.00004181
      19 3.461381   0.00004188
      21 3.828966   0.00004184
      24 4.358739   0.00004201
      27 4.898625   0.00004205
      29 5.261517   0.00004205
      32 5.824711   0.00004191
      35 6.377722   0.00004187
      45 8.217383   0.00004178
      48 8.728501   0.00004196
      51 9.281742   0.00004192
      61 10.999006   0.00004231
      64 11.693685   0.00004176
      67 12.222930   0.00004182
      93 16.828591   0.00004216
      96 17.372539   0.00004216
      99 17.999713   0.00004196
     125 22.258563   0.00004285
     128 22.969523   0.00004252
     131 23.505162   0.00004252
     189 34.095991   0.00004229
     192 34.451948   0.00004252
     195 35.015591   0.00004249
     253 45.330192   0.00004258
     256 45.647128   0.00004279
     259 46.002429   0.00004295
     381 67.294538   0.00004320
     384 67.560028   0.00004336
     387 68.356620   0.00004319
     509 89.257063   0.00004351
     512 89.240272   0.00004377
     515 89.848145   0.00004373
     765 131.997253   0.00004422
     768 132.323527   0.00004428
     771 131.713734   0.00004466
    1021 172.296603   0.00004521
    1024 173.689901   0.00004498
    1027 173.577465   0.00004514
    1533 111.996784   0.00010443
    1536 120.899746   0.00009693
    1539 119.873145   0.00009795
    2045 185.458478   0.00008413
    2048 185.954142   0.00008403
    2051 183.758791   0.00008515
    3069 269.404445   0.00008691
    3072 219.708629   0.00010668
    3075 271.271070   0.00008648
    4093 356.918107   0.00008749
    4096 356.184084   0.00008774
    4099 359.153777   0.00008707
    6141 492.759782   0.00009508
    6144 508.923026   0.00009211
    6147 501.340421   0.00009354
    8189 631.154736   0.00009899
    8192 627.241271   0.00009964
    8195 629.052057   0.00009939
   12285 786.421362   0.00011918
   12288 749.281574   0.00012512
   12291 768.404720   0.00012204
   16381 928.679583   0.00013458
   16384 966.801769   0.00012929
   16387 948.808783   0.00013177
   24573 1253.762993   0.00014953
   24576 1275.110045   0.00014705
   24579 1275.138132   0.00014706
   32765 1405.031649   0.00017792
   32768 1454.734151   0.00017185
   32771 1496.539968   0.00016707
   49149 1850.486399   0.00020264
   49152 1837.382686   0.00020409
   49155 1994.833665   0.00018800
   65533 2429.570919   0.00020579
   65536 2369.226313   0.00021104
   65539 2377.677992   0.00021030
   98301 2702.761199   0.00027749
   98304 2742.540295   0.00027347
   98307 2820.398734   0.00026593
  131069 2758.157006   0.00036255
  131072 2754.074045   0.00036310
  131075 2770.596517   0.00036094
  196605 3312.296937   0.00045285
  196608 3382.212530   0.00044350
  196611 3395.534543   0.00044176
  262141 3699.236502   0.00054065
  262144 3636.437012   0.00054999
  262147 3701.234475   0.00054037
  393213 3879.452985   0.00077330
  393216 3812.399133   0.00078691
  393219 3806.763652   0.00078808
  524285 4063.006204   0.00098449
  524288 3972.273758   0.00100698
  524291 4007.254633   0.00099820
  786429 4124.291893   0.00145479
  786432 4179.983686   0.00143541
  786435 4152.263290   0.00144500
 1048573 4116.097336   0.00194358
 1048576 4184.230465   0.00191194
 1048579 4181.760666   0.00191308
 1572861 4243.160343   0.00282808
 1572864 4220.121665   0.00284352
 1572867 4223.062487   0.00284155
 2097149 4218.084642   0.00379319
 2097152 4070.211471   0.00393100
 2097155 4181.004823   0.00382684
 3145725 4210.297782   0.00570030
 3145728 4161.836942   0.00576668
 3145731 4187.891326   0.00573081
 4194301 4217.788811   0.00758691
 4194304 4163.737397   0.00768540
 4194307 4153.282519   0.00770475
 6291453 4124.028835   0.01163910
 6291456 4256.826134   0.01127601
 6291459 4265.874939   0.01125209
 8388605 4079.637076   0.01568766
 8388608 4373.776924   0.01463266
 8388611 4336.927157   0.01475700
