       1 0.291516   0.00002617
       2 0.586629   0.00002601
       3 0.967645   0.00002365
       4 1.364850   0.00002236
       6 2.162345   0.00002117
       8 2.893770   0.00002109
      12 4.733719   0.00001934
      13 5.122429   0.00001936
      16 6.284911   0.00001942
      19 7.516491   0.00001929
      21 8.300710   0.00001930
      24 9.808371   0.00001867
      27 11.404254   0.00001806
      29 12.384073   0.00001787
      32 13.602789   0.00001795
      35 14.867612   0.00001796
      45 19.235435   0.00001785
      48 20.523483   0.00001784
      51 21.843586   0.00001781
      61 26.168626   0.00001778
      64 27.348406   0.00001785
      67 28.677789   0.00001782
      93 39.811825   0.00001782
      96 41.075392   0.00001783
      99 42.241928   0.00001788
     125 53.382348   0.00001786
     128 54.634983   0.00001787
     131 55.893464   0.00001788
     189 80.584463   0.00001789
     192 82.145229   0.00001783
     195 83.162617   0.00001789
     253 108.074574   0.00001786
     256 108.520840   0.00001800
     259 110.275269   0.00001792
     381 161.474420   0.00001800
     384 162.438893   0.00001804
     387 163.506675   0.00001806
     509 215.434340   0.00001803
     512 217.297241   0.00001798
     515 217.456993   0.00001807
     765 319.682174   0.00001826
     768 322.286490   0.00001818
     771 322.937229   0.00001821
    1021 426.640555   0.00001826
    1024 428.358295   0.00001824
    1027 431.121672   0.00001817
    1533 445.185397   0.00002627
    1536 446.319786   0.00002626
    1539 447.771568   0.00002622
    2045 590.809400   0.00002641
    2048 593.778970   0.00002631
    2051 637.751077   0.00002454
    3069 947.383584   0.00002472
    3072 883.198017   0.00002654
    3075 885.710141   0.00002649
    4093 1162.290890   0.00002687
    4096 1163.163904   0.00002687
    4099 1164.536079   0.00002685
    6141 1711.794602   0.00002737
    6144 1713.462193   0.00002736
    6147 1712.238287   0.00002739
    8189 2228.910868   0.00002803
    8192 2236.580129   0.00002794
    8195 2269.822584   0.00002755
   12285 3099.121670   0.00003024
   12288 3050.041930   0.00003074
   12291 3047.302034   0.00003077
   16381 3435.454220   0.00003638
   16384 3432.940712   0.00003641
   16387 3422.279836   0.00003653
   24573 4456.609331   0.00004207
   24576 4464.520213   0.00004200
   24579 4465.631557   0.00004199
   32765 5673.755478   0.00004406
   32768 5686.314772   0.00004397
   32771 5693.548423   0.00004391
   49149 7962.762277   0.00004709
   49152 7510.402246   0.00004993
   49155 7503.722021   0.00004998
   65533 9253.074313   0.00005403
   65536 9233.739757   0.00005415
   65539 9231.795960   0.00005416
   98301 12708.901016   0.00005901
   98304 12674.858047   0.00005917
   98307 12674.380446   0.00005918
  131069 14531.898839   0.00006881
  131072 14342.438841   0.00006972
  131075 15546.419017   0.00006432
  196605 36963.645864   0.00004058
  196608 55146.965494   0.00002720
  196611 55268.997763   0.00002714
  262141 51729.192437   0.00003866
  262144 51738.058900   0.00003866
  262147 51695.251466   0.00003869
  393213 55960.972482   0.00005361
  393216 56049.007499   0.00005352
  393219 56052.442649   0.00005352
  524285 58486.514613   0.00006839
  524288 58363.309671   0.00006854
  524291 58426.117156   0.00006846
  786429 60954.588238   0.00009843
  786432 61077.717563   0.00009824
  786435 61001.202184   0.00009836
 1048573 62227.154263   0.00012856
 1048576 62377.498579   0.00012825
 1048579 62369.309168   0.00012827
 1572861 63754.703224   0.00018822
 1572864 63777.995146   0.00018815
 1572867 63850.111184   0.00018794
 2097149 63913.284330   0.00025034
 2097152 64386.356479   0.00024850
 2097155 64409.681626   0.00024841
 3145725 63887.614047   0.00037566
 3145728 63323.074325   0.00037901
 3145731 63369.522645   0.00037873
 4194301 60546.721087   0.00052852
 4194304 59781.638447   0.00053528
 4194307 59774.629263   0.00053534
 6291453 54442.944415   0.00088166
 6291456 53616.079681   0.00089525
 6291459 53766.458655   0.00089275
 8388605 49608.824401   0.00129009
 8388608 49004.104248   0.00130601
 8388611 49076.738286   0.00130408
