       1 0.291720   0.00002615
       2 0.580869   0.00002627
       3 0.971993   0.00002355
       4 1.432508   0.00002130
       6 2.340073   0.00001956
       8 3.133783   0.00001948
      12 4.673307   0.00001959
      13 5.137578   0.00001931
      16 6.396788   0.00001908
      19 8.043473   0.00001802
      21 8.901318   0.00001800
      24 10.237807   0.00001789
      27 11.468796   0.00001796
      29 12.297876   0.00001799
      32 13.652553   0.00001788
      35 14.856334   0.00001797
      45 19.125959   0.00001795
      48 20.366675   0.00001798
      51 21.733925   0.00001790
      61 26.050140   0.00001787
      64 27.404188   0.00001782
      67 28.694515   0.00001781
      93 39.779801   0.00001784
      96 40.862900   0.00001792
      99 42.070914   0.00001795
     125 53.433428   0.00001785
     128 54.622506   0.00001788
     131 55.780986   0.00001792
     189 80.566766   0.00001790
     192 88.028409   0.00001664
     195 88.786724   0.00001676
     253 107.467770   0.00001796
     256 108.975326   0.00001792
     259 110.106091   0.00001795
     381 161.957579   0.00001795
     384 174.337822   0.00001680
     387 176.221702   0.00001675
     509 215.351750   0.00001803
     512 217.431268   0.00001797
     515 217.916968   0.00001803
     765 321.139430   0.00001817
     768 323.098369   0.00001813
     771 323.204393   0.00001820
    1021 426.928272   0.00001825
    1024 429.050922   0.00001821
    1027 428.992413   0.00001826
    1533 479.192678   0.00002441
    1536 480.860428   0.00002437
    1539 480.159473   0.00002445
    2045 634.468166   0.00002459
    2048 636.241446   0.00002456
    2051 637.112785   0.00002456
    3069 945.868089   0.00002475
    3072 947.107589   0.00002475
    3075 947.599182   0.00002476
    4093 1247.183712   0.00002504
    4096 1249.810522   0.00002500
    4099 1247.570472   0.00002507
    6141 1833.540300   0.00002555
    6144 1837.586352   0.00002551
    6147 1840.734226   0.00002548
    8189 2399.304426   0.00002604
    8192 2395.662253   0.00002609
    8195 2396.742217   0.00002609
   12285 3045.133010   0.00003078
   12288 3045.040535   0.00003079
   12291 3041.383537   0.00003083
   16381 3433.481898   0.00003640
   16384 3429.208395   0.00003645
   16387 3431.804612   0.00003643
   24573 4500.170988   0.00004166
   24576 4491.490987   0.00004175
   24579 4485.057545   0.00004181
   32765 5855.808833   0.00004269
   32768 5707.683314   0.00004380
   32771 5702.101839   0.00004385
   49149 7631.822553   0.00004913
   49152 7583.665648   0.00004945
   49155 7598.826963   0.00004935
   65533 9687.397258   0.00005161
   65536 9909.005709   0.00005046
   65539 9874.095922   0.00005064
   98301 12710.404716   0.00005900
   98304 12699.377326   0.00005906
   98307 12715.706182   0.00005898
  131069 15574.277274   0.00006421
  131072 15532.204036   0.00006438
  131075 15100.719578   0.00006622
  196605 35561.703975   0.00004218
  196608 55303.502917   0.00002712
  196611 55335.838857   0.00002711
  262141 51774.047131   0.00003863
  262144 51765.109490   0.00003864
  262147 51735.725474   0.00003866
  393213 56135.200948   0.00005344
  393216 56256.489436   0.00005333
  393219 56169.228050   0.00005341
  524285 58560.357104   0.00006831
  524288 58574.579740   0.00006829
  524291 58629.583988   0.00006823
  786429 61057.468139   0.00009827
  786432 61079.254524   0.00009823
  786435 60975.151647   0.00009840
 1048573 62428.389762   0.00012815
 1048576 62461.861652   0.00012808
 1048579 62366.633242   0.00012827
 1572861 63821.413656   0.00018802
 1572864 63832.147115   0.00018799
 1572867 63832.268865   0.00018799
 2097149 63918.271241   0.00025032
 2097152 64658.971318   0.00024745
 2097155 64607.806310   0.00024765
 3145725 62981.770641   0.00038106
 3145728 63627.974956   0.00037719
 3145731 63695.088404   0.00037680
 4194301 60325.612217   0.00053045
 4194304 59660.080776   0.00053637
 4194307 59891.359221   0.00053430
 6291453 54300.919000   0.00088396
 6291456 53741.358029   0.00089317
 6291459 53790.530306   0.00089235
 8388605 49589.504635   0.00129060
 8388608 49319.582585   0.00129766
 8388611 49483.248041   0.00129337
