       1 0.290089   0.00002630
       2 0.580729   0.00002628
       3 0.965832   0.00002370
       4 1.417232   0.00002153
       6 2.317101   0.00001976
       8 3.093574   0.00001973
      12 4.627237   0.00001979
      13 5.029219   0.00001972
      16 6.226250   0.00001961
      19 7.958936   0.00001821
      21 8.813690   0.00001818
      24 10.154525   0.00001803
      27 11.393878   0.00001808
      29 12.221485   0.00001810
      32 13.431259   0.00001818
      35 14.705058   0.00001816
      45 18.915684   0.00001815
      48 20.140649   0.00001818
      51 21.504292   0.00001809
      61 25.713720   0.00001810
      64 27.138661   0.00001799
      67 28.280923   0.00001807
      93 39.158675   0.00001812
      96 40.573710   0.00001805
      99 43.130364   0.00001751
     125 53.099892   0.00001796
     128 54.110834   0.00001805
     131 55.332079   0.00001806
     189 80.003426   0.00001802
     192 81.444430   0.00001799
     195 82.642559   0.00001800
     253 107.017378   0.00001804
     256 107.938133   0.00001809
     259 108.901568   0.00001814
     381 159.477228   0.00001823
     384 161.235773   0.00001817
     387 171.125580   0.00001725
     509 228.297037   0.00001701
     512 227.629393   0.00001716
     515 215.548620   0.00001823
     765 317.153786   0.00001840
     768 319.505642   0.00001834
     771 320.893892   0.00001833
    1021 453.561972   0.00001717
    1024 456.621362   0.00001711
    1027 426.502518   0.00001837
    1533 475.953249   0.00002457
    1536 478.676743   0.00002448
    1539 477.843947   0.00002457
    2045 633.578762   0.00002463
    2048 634.577508   0.00002462
    2051 635.548935   0.00002462
    3069 942.810884   0.00002483
    3072 944.893955   0.00002480
    3075 942.151515   0.00002490
    4093 1236.300533   0.00002526
    4096 1236.976452   0.00002526
    4099 1245.806413   0.00002510
    6141 1829.601918   0.00002561
    6144 1828.072141   0.00002564
    6147 1830.901882   0.00002561
    8189 2386.416997   0.00002618
    8192 2394.558986   0.00002610
    8195 2404.507220   0.00002600
   12285 3107.897834   0.00003016
   12288 3026.444985   0.00003098
   12291 3034.164246   0.00003091
   16381 3417.128855   0.00003657
   16384 3666.452809   0.00003409
   16387 3414.467825   0.00003662
   24573 4451.779988   0.00004211
   24576 4449.526358   0.00004214
   24579 4459.123848   0.00004205
   32765 5680.155685   0.00004401
   32768 5979.575851   0.00004181
   32771 5779.685825   0.00004326
   49149 8041.290980   0.00004663
   49152 8012.186614   0.00004680
   49155 8037.213468   0.00004666
   65533 9920.348130   0.00005040
   65536 9918.023160   0.00005041
   65539 9958.161032   0.00005021
   98301 12944.452284   0.00005794
   98304 12676.830781   0.00005916
   98307 12658.143173   0.00005925
  131069 15444.079397   0.00006475
  131072 15487.537460   0.00006457
  131075 15500.954227   0.00006451
  196605 36400.858545   0.00004121
  196608 54947.659143   0.00002730
  196611 55150.322916   0.00002720
  262141 51719.823137   0.00003867
  262144 51724.118885   0.00003867
  262147 51747.537151   0.00003865
  393213 55980.102253   0.00005359
  393216 56096.209976   0.00005348
  393219 56097.866128   0.00005348
  524285 58476.814143   0.00006840
  524288 58550.959510   0.00006832
  524291 58461.016291   0.00006842
  786429 61069.274987   0.00009825
  786432 61072.367871   0.00009824
  786435 61110.223220   0.00009818
 1048573 62430.783143   0.00012814
 1048576 62453.216886   0.00012810
 1048579 62459.506291   0.00012808
 1572861 63877.100665   0.00018786
 1572864 64011.594872   0.00018747
 1572867 64037.133703   0.00018739
 2097149 63668.851466   0.00025130
 2097152 64335.297827   0.00024870
 2097155 64283.523253   0.00024890
 3145725 63842.004623   0.00037593
 3145728 63297.653851   0.00037916
 3145731 63321.687994   0.00037902
 4194301 60513.065724   0.00052881
 4194304 59473.621492   0.00053805
 4194307 59535.452399   0.00053750
 6291453 54067.827130   0.00088777
 6291456 53467.233934   0.00089775
 6291459 53583.521991   0.00089580
 8388605 49352.336260   0.00129680
 8388608 48952.836607   0.00130738
 8388611 49103.552238   0.00130337
