       1 0.293989   0.00002595
       2 0.588124   0.00002594
       3 1.059263   0.00002161
       4 1.424986   0.00002142
       6 2.165704   0.00002114
       8 3.117001   0.00001958
      12 4.694184   0.00001950
      13 5.097399   0.00001946
      16 6.305415   0.00001936
      19 7.615467   0.00001903
      21 8.922014   0.00001796
      24 10.215489   0.00001792
      27 11.472071   0.00001796
      29 12.406116   0.00001783
      32 13.735938   0.00001777
      35 15.011472   0.00001779
      45 19.335323   0.00001776
      48 20.702615   0.00001769
      51 21.905813   0.00001776
      61 26.240602   0.00001774
      64 29.665107   0.00001646
      67 28.828623   0.00001773
      93 39.766708   0.00001784
      96 41.209433   0.00001777
      99 42.302860   0.00001785
     125 53.178534   0.00001793
     128 57.890664   0.00001687
     131 56.879368   0.00001757
     189 80.907501   0.00001782
     192 81.965731   0.00001787
     195 83.117450   0.00001790
     253 107.697510   0.00001792
     256 108.929444   0.00001793
     259 110.506142   0.00001788
     381 161.938384   0.00001795
     384 164.080628   0.00001786
     387 164.743744   0.00001792
     509 215.220553   0.00001804
     512 216.876761   0.00001801
     515 218.464057   0.00001799
     765 341.772243   0.00001708
     768 331.378969   0.00001768
     771 323.466971   0.00001819
    1021 424.287912   0.00001836
    1024 429.012005   0.00001821
    1027 440.854335   0.00001777
    1533 474.793203   0.00002463
    1536 476.917273   0.00002457
    1539 478.775385   0.00002452
    2045 631.139708   0.00002472
    2048 631.612796   0.00002474
    2051 633.074916   0.00002472
    3069 943.043936   0.00002483
    3072 943.374358   0.00002484
    3075 944.327007   0.00002484
    4093 1243.665424   0.00002511
    4096 1244.920627   0.00002510
    4099 1245.114503   0.00002512
    6141 1828.274609   0.00002563
    6144 1829.009748   0.00002563
    6147 1827.490937   0.00002566
    8189 2389.464713   0.00002615
    8192 2392.534968   0.00002612
    8195 2394.354611   0.00002611
   12285 3081.962435   0.00003041
   12288 3037.920623   0.00003086
   12291 3035.405770   0.00003089
   16381 3440.848089   0.00003632
   16384 3445.235656   0.00003628
   16387 3420.491923   0.00003655
   24573 4500.906485   0.00004165
   24576 4771.984542   0.00003929
   24579 4462.294044   0.00004202
   32765 5663.193873   0.00004414
   32768 5671.620977   0.00004408
   32771 5665.648134   0.00004413
   49149 7994.446536   0.00004690
   49152 8035.447897   0.00004667
   49155 8061.843769   0.00004652
   65533 9923.054427   0.00005039
   65536 9912.753863   0.00005044
   65539 9930.991359   0.00005035
   98301 12755.556547   0.00005880
   98304 13530.064266   0.00005543
   98307 12724.900214   0.00005894
  131069 15522.249609   0.00006442
  131072 15561.233910   0.00006426
  131075 15558.034103   0.00006428
  196605 36513.196295   0.00004108
  196608 55146.308303   0.00002720
  196611 55092.497753   0.00002723
  262141 51640.565356   0.00003873
  262144 51675.162190   0.00003870
  262147 51793.391396   0.00003862
  393213 55996.711848   0.00005357
  393216 55975.148905   0.00005360
  393219 55999.767074   0.00005357
  524285 58130.576885   0.00006881
  524288 58336.668300   0.00006857
  524291 58255.665441   0.00006866
  786429 60916.845750   0.00009849
  786432 61012.653002   0.00009834
  786435 60897.078305   0.00009853
 1048573 62085.105299   0.00012886
 1048576 62207.461176   0.00012860
 1048579 62260.741458   0.00012849
 1572861 63687.303436   0.00018842
 1572864 63627.439671   0.00018860
 1572867 63768.463859   0.00018818
 2097149 63975.418277   0.00025010
 2097152 64187.062466   0.00024927
 2097155 64271.378633   0.00024894
 3145725 64393.642082   0.00037271
 3145728 63083.787576   0.00038045
 3145731 63274.039140   0.00037930
 4194301 60610.122077   0.00052796
 4194304 59583.865497   0.00053706
 4194307 59491.447897   0.00053789
 6291453 54219.913767   0.00088528
 6291456 53500.955432   0.00089718
 6291459 53449.339468   0.00089805
 8388605 49477.105232   0.00129353
 8388608 49007.164886   0.00130593
 8388611 48981.414363   0.00130662
