       1 0.292756   0.00002606
       2 0.586800   0.00002600
       3 0.963024   0.00002377
       4 1.431924   0.00002131
       6 2.143825   0.00002135
       8 3.103665   0.00001967
      12 4.681795   0.00001956
      13 5.071066   0.00001956
      16 6.221934   0.00001962
      19 7.447549   0.00001946
      21 8.882022   0.00001804
      24 10.162750   0.00001802
      27 11.352480   0.00001815
      29 12.265520   0.00001804
      32 13.608852   0.00001794
      35 14.907925   0.00001791
      45 19.091754   0.00001798
      48 20.441217   0.00001792
      51 21.712354   0.00001792
      61 26.038647   0.00001787
      64 29.280254   0.00001668
      67 30.679475   0.00001666
      93 39.693133   0.00001788
      96 40.982567   0.00001787
      99 42.292847   0.00001786
     125 53.464807   0.00001784
     128 55.467695   0.00001761
     131 60.002223   0.00001666
     189 80.495508   0.00001791
     192 81.840235   0.00001790
     195 83.081049   0.00001791
     253 108.153308   0.00001785
     256 109.416741   0.00001785
     259 118.787862   0.00001663
     381 164.587567   0.00001766
     384 163.189089   0.00001795
     387 164.255897   0.00001798
     509 214.714175   0.00001809
     512 216.507720   0.00001804
     515 233.857831   0.00001680
     765 340.413146   0.00001715
     768 322.183218   0.00001819
     771 323.481718   0.00001818
    1021 425.475533   0.00001831
    1024 428.043489   0.00001825
    1027 431.032120   0.00001818
    1533 472.647960   0.00002475
    1536 476.119462   0.00002461
    1539 476.513034   0.00002464
    2045 630.106164   0.00002476
    2048 631.299903   0.00002475
    2051 631.121941   0.00002479
    3069 939.531452   0.00002492
    3072 941.668204   0.00002489
    3075 941.754624   0.00002491
    4093 1228.217702   0.00002542
    4096 1230.223580   0.00002540
    4099 1239.283559   0.00002523
    6141 1827.401391   0.00002564
    6144 1828.211740   0.00002564
    6147 1826.514311   0.00002568
    8189 2374.309740   0.00002631
    8192 2374.295697   0.00002632
    8195 2391.361028   0.00002615
   12285 3106.531892   0.00003017
   12288 3172.463437   0.00002955
   12291 3029.671026   0.00003095
   16381 3405.024617   0.00003670
   16384 3407.594914   0.00003668
   16387 3660.204187   0.00003416
   24573 4796.859463   0.00003908
   24576 4634.665146   0.00004046
   24579 4461.767111   0.00004203
   32765 5695.918669   0.00004389
   32768 5679.041885   0.00004402
   32771 5739.456358   0.00004356
   49149 7952.639856   0.00004715
   49152 7971.881157   0.00004704
   49155 8056.941276   0.00004655
   65533 9866.034746   0.00005068
   65536 9927.394406   0.00005037
   65539 9906.575509   0.00005047
   98301 12691.391940   0.00005909
   98304 13622.758404   0.00005505
   98307 13537.595812   0.00005540
  131069 15454.483636   0.00006470
  131072 15498.434545   0.00006452
  131075 15497.069536   0.00006453
  196605 36087.839626   0.00004156
  196608 54849.643596   0.00002735
  196611 54998.411743   0.00002727
  262141 51816.928794   0.00003860
  262144 51846.156299   0.00003858
  262147 51693.239999   0.00003869
  393213 56098.657566   0.00005348
  393216 56050.008408   0.00005352
  393219 55968.835489   0.00005360
  524285 58288.924558   0.00006862
  524288 58305.947393   0.00006860
  524291 58263.031128   0.00006865
  786429 60824.016613   0.00009864
  786432 60835.996777   0.00009863
  786435 60877.762427   0.00009856
 1048573 62188.597213   0.00012864
 1048576 62404.557547   0.00012820
 1048579 62403.213657   0.00012820
 1572861 63776.547659   0.00018816
 1572864 63818.314772   0.00018803
 1572867 63780.970620   0.00018814
 2097149 63931.344080   0.00025027
 2097152 64415.083474   0.00024839
 2097155 64474.795710   0.00024816
 3145725 63560.580653   0.00037759
 3145728 63006.743161   0.00038091
 3145731 62984.690468   0.00038105
 4194301 59972.902305   0.00053357
 4194304 59506.436807   0.00053776
 4194307 59643.434114   0.00053652
 6291453 54239.177659   0.00088497
 6291456 53466.097995   0.00089777
 6291459 53504.430501   0.00089712
 8388605 49737.510397   0.00128675
 8388608 49037.202953   0.00130513
 8388611 49054.081493   0.00130468
