       1 0.295108   0.00002585
       2 0.593313   0.00002572
       3 0.989709   0.00002313
       4 1.426490   0.00002139
       6 2.235469   0.00002048
       8 3.185182   0.00001916
      12 4.779572   0.00001916
      13 5.170877   0.00001918
      16 6.600186   0.00001849
      19 7.939317   0.00001826
      21 9.031139   0.00001774
      24 10.344834   0.00001770
      27 11.668897   0.00001765
      29 12.621075   0.00001753
      32 13.910455   0.00001755
      35 15.230289   0.00001753
      45 19.564557   0.00001755
      48 20.868737   0.00001755
      51 22.180045   0.00001754
      61 26.593843   0.00001750
      64 27.786788   0.00001757
      67 29.063933   0.00001759
      93 40.361723   0.00001758
      96 41.864036   0.00001750
      99 43.489393   0.00001737
     125 54.142321   0.00001761
     128 55.803004   0.00001750
     131 56.667787   0.00001764
     189 81.415890   0.00001771
     192 82.795319   0.00001769
     195 88.401824   0.00001683
     253 108.942856   0.00001772
     256 110.410667   0.00001769
     259 111.675971   0.00001769
     381 162.846112   0.00001785
     384 163.964415   0.00001787
     387 171.178832   0.00001725
     509 217.900771   0.00001782
     512 219.526925   0.00001779
     515 220.987161   0.00001778
     765 326.234527   0.00001789
     768 326.497040   0.00001795
     771 327.873548   0.00001794
    1021 437.151306   0.00001782
    1024 430.390163   0.00001815
    1027 431.824854   0.00001814
    1533 485.498125   0.00002409
    1536 486.351526   0.00002410
    1539 487.780990   0.00002407
    2045 646.247623   0.00002414
    2048 645.983872   0.00002419
    2051 645.632274   0.00002424
    3069 958.990948   0.00002442
    3072 961.036489   0.00002439
    3075 963.783116   0.00002434
    4093 1263.272847   0.00002472
    4096 1264.103827   0.00002472
    4099 1269.567146   0.00002463
    6141 1860.442635   0.00002518
    6144 1859.963031   0.00002520
    6147 1859.618056   0.00002522
    8189 2431.313517   0.00002570
    8192 2432.296148   0.00002570
    8195 2434.513366   0.00002568
   12285 3145.392734   0.00002980
   12288 3091.602159   0.00003032
   12291 3094.511584   0.00003030
   16381 3460.407727   0.00003612
   16384 3724.156190   0.00003356
   16387 3658.275905   0.00003418
   24573 4528.592082   0.00004140
   24576 4510.072576   0.00004157
   24579 4524.818168   0.00004144
   32765 5750.033560   0.00004347
   32768 5976.124492   0.00004183
   32771 6121.740048   0.00004084
   49149 8121.382029   0.00004617
   49152 8116.041009   0.00004620
   49155 8156.118217   0.00004598
   65533 10003.556988   0.00004998
   65536 10004.493825   0.00004998
   65539 10022.906108   0.00004989
   98301 12926.406536   0.00005802
   98304 12743.733705   0.00005885
   98307 12753.987619   0.00005881
  131069 15634.981150   0.00006396
  131072 15629.554428   0.00006398
  131075 15630.359622   0.00006398
  196605 36726.541418   0.00004084
  196608 55192.957083   0.00002718
  196611 55332.507721   0.00002711
  262141 51824.277442   0.00003859
  262144 51884.042593   0.00003855
  262147 51966.876767   0.00003849
  393213 56424.209941   0.00005317
  393216 56422.787344   0.00005317
  393219 56355.051181   0.00005323
  524285 58609.044982   0.00006825
  524288 58575.278185   0.00006829
  524291 58655.345941   0.00006820
  786429 61156.184001   0.00009811
  786432 61268.147717   0.00009793
  786435 61337.061934   0.00009782
 1048573 62628.006533   0.00012774
 1048576 62590.651378   0.00012781
 1048579 62532.657069   0.00012793
 1572861 64027.011940   0.00018742
 1572864 64033.569168   0.00018740
 1572867 64170.754738   0.00018700
 2097149 64475.766070   0.00024815
 2097152 64875.344671   0.00024663
 2097155 64940.058492   0.00024638
 3145725 64614.940522   0.00037143
 3145728 63442.323040   0.00037830
 3145731 63296.625022   0.00037917
 4194301 60739.541962   0.00052684
 4194304 60009.971637   0.00053324
 4194307 59995.278303   0.00053338
 6291453 54194.198986   0.00088570
 6291456 53680.124713   0.00089419
 6291459 53716.443074   0.00089358
 8388605 49638.824614   0.00128931
 8388608 49078.255544   0.00130404
 8388611 49184.051612   0.00130124
