       1 0.252584   0.00003021
       2 0.507413   0.00003007
       3 0.873731   0.00002620
       4 1.237773   0.00002466
       6 2.027837   0.00002257
       8 2.713547   0.00002249
      12 4.093140   0.00002237
      13 4.771594   0.00002079
      16 5.891158   0.00002072
      19 6.982739   0.00002076
      21 7.710198   0.00002078
      24 8.813234   0.00002078
      27 9.941694   0.00002072
      29 10.691830   0.00002069
      32 11.802664   0.00002069
      35 12.881664   0.00002073
      45 16.616590   0.00002066
      48 17.728826   0.00002066
      51 18.798323   0.00002070
      61 22.503290   0.00002068
      64 23.611102   0.00002068
      67 25.084791   0.00002038
      93 34.594732   0.00002051
      96 38.135690   0.00001921
      99 37.013639   0.00002041
     125 47.729275   0.00001998
     128 48.242544   0.00002024
     131 49.224246   0.00002030
     189 70.370881   0.00002049
     192 75.744054   0.00001934
     195 73.574466   0.00002022
     253 93.463447   0.00002065
     256 96.873756   0.00002016
     259 98.311900   0.00002010
     381 142.229013   0.00002044
     384 141.734967   0.00002067
     387 144.101975   0.00002049
     509 188.647240   0.00002059
     512 189.426215   0.00002062
     515 191.590380   0.00002051
     765 283.110180   0.00002062
     768 281.895458   0.00002079
     771 301.241071   0.00001953
    1021 382.778408   0.00002035
    1024 380.893310   0.00002051
    1027 381.303439   0.00002055
    1533 394.163943   0.00002967
    1536 396.554402   0.00002955
    1539 397.088252   0.00002957
    2045 526.836325   0.00002961
    2048 528.032744   0.00002959
    2051 527.760029   0.00002965
    3069 786.747757   0.00002976
    3072 786.704537   0.00002979
    3075 788.052139   0.00002977
    4093 1037.514231   0.00003010
    4096 1035.747703   0.00003017
    4099 1042.083356   0.00003001
    6141 1538.341035   0.00003046
    6144 1541.899169   0.00003040
    6147 1537.656585   0.00003050
    8189 2015.987736   0.00003099
    8192 2024.772351   0.00003087
    8195 2020.430263   0.00003095
   12285 2725.309550   0.00003439
   12288 2664.957556   0.00003518
   12291 2647.333278   0.00003542
   16381 2880.150598   0.00004339
   16384 2881.871638   0.00004337
   16387 2886.014089   0.00004332
   24573 3751.554972   0.00004997
   24576 3755.719991   0.00004992
   24579 3774.119897   0.00004969
   32765 5181.549611   0.00004824
   32768 5168.778378   0.00004837
   32771 4921.139685   0.00005081
   49149 6911.629570   0.00005425
   49152 6870.417341   0.00005458
   49155 6851.093469   0.00005474
   65533 8619.434310   0.00005801
   65536 8644.054364   0.00005784
   65539 8652.864302   0.00005779
   98301 11204.307506   0.00006694
   98304 11157.708213   0.00006722
   98307 11161.594890   0.00006720
  131069 13804.289725   0.00007244
  131072 13825.295094   0.00007233
  131075 13859.817567   0.00007215
  196605 32710.710572   0.00004586
  196608 48827.766242   0.00003072
  196611 48977.917034   0.00003063
  262141 45696.108949   0.00004377
  262144 45631.630061   0.00004383
  262147 45606.002003   0.00004385
  393213 49602.198701   0.00006048
  393216 49639.221402   0.00006044
  393219 49628.770278   0.00006045
  524285 51890.815562   0.00007708
  524288 51839.431464   0.00007716
  524291 51741.717876   0.00007731
  786429 54129.756066   0.00011084
  786432 54111.725689   0.00011088
  786435 54141.471781   0.00011082
 1048573 55697.236524   0.00014363
 1048576 55699.441600   0.00014363
 1048579 55682.867571   0.00014367
 1572861 57030.413160   0.00021041
 1572864 56936.966777   0.00021076
 1572867 56989.711300   0.00021056
 2097149 57348.149288   0.00027900
 2097152 57471.887931   0.00027840
 2097155 57574.853708   0.00027790
 3145725 56770.178719   0.00042276
 3145728 56788.031182   0.00042262
 3145731 56878.522641   0.00042195
 4194301 54096.801393   0.00059153
 4194304 53551.173222   0.00059756
 4194307 53530.665270   0.00059779
 6291453 49041.694491   0.00097876
 6291456 48566.384896   0.00098834
 6291459 48570.974186   0.00098825
 8388605 45361.805999   0.00141088
 8388608 45225.089341   0.00141514
 8388611 45408.054440   0.00140944
