       1 0.222302   0.00003432
       2 0.446511   0.00003417
       3 0.741320   0.00003087
       4 1.076575   0.00002835
       6 1.686694   0.00002714
       8 2.380638   0.00002564
      12 3.569082   0.00002565
      13 3.874572   0.00002560
      16 4.798141   0.00002544
      19 5.970876   0.00002428
      21 6.783795   0.00002362
      24 7.766318   0.00002358
      27 8.743958   0.00002356
      29 9.426166   0.00002347
      32 10.460739   0.00002334
      35 11.341949   0.00002354
      45 14.628835   0.00002347
      48 15.622642   0.00002344
      51 16.555716   0.00002350
      61 19.774472   0.00002354
      64 20.901226   0.00002336
      67 21.739547   0.00002351
      93 30.121991   0.00002356
      96 31.085835   0.00002356
      99 32.082907   0.00002354
     125 40.639065   0.00002347
     128 44.689097   0.00002185
     131 43.365549   0.00002305
     189 61.011548   0.00002363
     192 62.290083   0.00002352
     195 63.151541   0.00002356
     253 81.866897   0.00002358
     256 89.397980   0.00002185
     259 89.515439   0.00002207
     381 122.885836   0.00002365
     384 123.913344   0.00002364
     387 124.907006   0.00002364
     509 164.514305   0.00002361
     512 164.940121   0.00002368
     515 166.610384   0.00002358
     765 246.194913   0.00002371
     768 247.851578   0.00002364
     771 248.281758   0.00002369
    1021 327.428700   0.00002379
    1024 329.332152   0.00002372
    1027 346.623019   0.00002260
    1533 322.498127   0.00003627
    1536 322.953424   0.00003629
    1539 322.269488   0.00003643
    2045 425.257730   0.00003669
    2048 425.280663   0.00003674
    2051 434.163464   0.00003604
    3069 634.430399   0.00003691
    3072 650.521312   0.00003603
    3075 645.506595   0.00003634
    4093 865.314259   0.00003609
    4096 863.527895   0.00003619
    4099 877.027725   0.00003566
    6141 1300.069251   0.00003604
    6144 1268.190908   0.00003696
    6147 1254.830046   0.00003737
    8189 1724.101615   0.00003624
    8192 1670.594377   0.00003741
    8195 1720.522807   0.00003634
   12285 2282.625301   0.00004106
   12288 2258.446551   0.00004151
   12291 2256.235490   0.00004156
   16381 2514.050173   0.00004971
   16384 2509.935193   0.00004980
   16387 2512.390773   0.00004976
   24573 3222.721380   0.00005817
   24576 3219.400249   0.00005824
   24579 3237.497731   0.00005792
   32765 4165.608352   0.00006001
   32768 4151.670876   0.00006022
   32771 4168.761318   0.00005998
   49149 5643.085866   0.00006645
   49152 5628.554784   0.00006662
   49155 5653.817952   0.00006633
   65533 7066.505868   0.00007075
   65536 7065.936709   0.00007076
   65539 7060.111090   0.00007082
   98301 9953.550104   0.00007535
   98304 9962.949349   0.00007528
   98307 9940.317270   0.00007545
  131069 11488.589819   0.00008704
  131072 11491.024447   0.00008702
  131075 11494.853640   0.00008700
  196605 28217.116201   0.00005316
  196608 43998.035987   0.00003409
  196611 44114.979422   0.00003400
  262141 40800.965635   0.00004902
  262144 40870.294930   0.00004894
  262147 40824.932834   0.00004899
  393213 44469.333851   0.00006746
  393216 44467.437207   0.00006747
  393219 44409.162253   0.00006755
  524285 46351.738851   0.00008630
  524288 46491.631915   0.00008604
  524291 46434.698158   0.00008614
  786429 48665.420501   0.00012329
  786432 48674.898671   0.00012327
  786435 48692.350524   0.00012322
 1048573 49876.382014   0.00016040
 1048576 50000.016061   0.00016000
 1048579 49947.103253   0.00016017
 1572861 51212.505582   0.00023432
 1572864 51316.048824   0.00023384
 1572867 51285.290507   0.00023399
 2097149 51671.533487   0.00030965
 2097152 51849.742439   0.00030858
 2097155 51838.516890   0.00030865
 3145725 51185.863448   0.00046888
 3145728 51055.412403   0.00047008
 3145731 51028.818422   0.00047032
 4194301 49020.062715   0.00065279
 4194304 48520.085181   0.00065952
 4194307 48560.324754   0.00065897
 6291453 44738.558540   0.00107290
 6291456 44692.067706   0.00107402
 6291459 44608.954688   0.00107602
 8388605 41739.112046   0.00153333
 8388608 41648.470617   0.00153667
 8388611 41612.975514   0.00153798
