       1 0.198500   0.00003844
       2 0.397691   0.00003837
       3 0.718396   0.00003186
       4 0.993514   0.00003072
       6 1.564668   0.00002926
       8 2.125870   0.00002871
      12 3.253509   0.00002814
      13 3.677963   0.00002697
      16 4.615079   0.00002645
      19 5.509885   0.00002631
      21 6.063329   0.00002642
      24 6.909688   0.00002650
      27 7.751233   0.00002658
      29 8.398417   0.00002634
      32 9.221099   0.00002648
      35 10.115940   0.00002640
      45 13.022661   0.00002636
      48 14.791087   0.00002476
      51 15.875058   0.00002451
      61 19.009455   0.00002448
      64 19.911848   0.00002452
      67 20.840176   0.00002453
      93 28.822798   0.00002462
      96 29.888465   0.00002451
      99 30.737031   0.00002457
     125 38.921309   0.00002450
     128 39.922489   0.00002446
     131 40.514583   0.00002467
     189 58.788571   0.00002453
     192 59.942647   0.00002444
     195 61.000907   0.00002439
     253 78.856157   0.00002448
     256 79.479351   0.00002457
     259 80.873355   0.00002443
     381 118.534794   0.00002452
     384 119.164760   0.00002459
     387 120.249951   0.00002455
     509 158.010015   0.00002458
     512 158.938737   0.00002458
     515 159.233457   0.00002468
     765 235.772063   0.00002475
     768 236.384920   0.00002479
     771 237.879433   0.00002473
    1021 313.401031   0.00002486
    1024 315.040735   0.00002480
    1027 315.889481   0.00002480
    1533 291.305132   0.00004015
    1536 291.480259   0.00004020
    1539 292.826089   0.00004010
    2045 387.930083   0.00004022
    2048 389.211074   0.00004015
    2051 390.132706   0.00004011
    3069 581.263882   0.00004028
    3072 581.228218   0.00004032
    3075 581.773987   0.00004033
    4093 766.019874   0.00004077
    4096 765.682990   0.00004081
    4099 766.239470   0.00004081
    6141 1136.660472   0.00004122
    6144 1135.926424   0.00004127
    6147 1136.163373   0.00004128
    8189 1500.085258   0.00004165
    8192 1499.772583   0.00004167
    8195 1501.345394   0.00004164
   12285 2100.272778   0.00004463
   12288 1993.488802   0.00004703
   12291 1985.447674   0.00004723
   16381 2168.176557   0.00005764
   16384 2174.178609   0.00005749
   16387 2172.159295   0.00005756
   24573 2809.348508   0.00006673
   24576 2823.265318   0.00006641
   24579 2799.225700   0.00006699
   32765 3630.207881   0.00006886
   32768 3631.743873   0.00006884
   32771 3646.672488   0.00006856
   49149 5373.343294   0.00006978
   49152 5378.140708   0.00006973
   49155 5177.880710   0.00007243
   65533 6792.682053   0.00007361
   65536 6766.453030   0.00007389
   65539 6804.116085   0.00007349
   98301 8939.965394   0.00008389
   98304 8964.793574   0.00008366
   98307 8984.214969   0.00008348
  131069 11200.536719   0.00008928
  131072 11272.142936   0.00008871
  131075 11247.771829   0.00008891
  196605 26741.575114   0.00005609
  196608 39631.323968   0.00003785
  196611 39663.072122   0.00003782
  262141 36516.935124   0.00005477
  262144 36562.237279   0.00005470
  262147 36524.575702   0.00005476
  393213 39928.301475   0.00007513
  393216 39906.689088   0.00007518
  393219 39916.808559   0.00007516
  524285 41845.978042   0.00009559
  524288 41814.119793   0.00009566
  524291 41825.895065   0.00009564
  786429 43871.210189   0.00013676
  786432 43914.141731   0.00013663
  786435 44065.571026   0.00013616
 1048573 45230.096009   0.00017687
 1048576 45124.992007   0.00017729
 1048579 45106.514233   0.00017736
 1572861 46268.033172   0.00025936
 1572864 46220.537971   0.00025962
 1572867 46213.589649   0.00025966
 2097149 46676.496373   0.00034278
 2097152 46702.576018   0.00034259
 2097155 46827.602436   0.00034168
 3145725 46065.854542   0.00052099
 3145728 46235.442624   0.00051908
 3145731 46416.065707   0.00051706
 4194301 44582.706790   0.00071777
 4194304 44201.036328   0.00072396
 4194307 44107.913566   0.00072549
 6291453 41056.358628   0.00116912
 6291456 40900.277266   0.00117359
 6291459 40959.974888   0.00117188
 8388605 38302.473240   0.00167091
 8388608 38279.848270   0.00167190
 8388611 38292.948835   0.00167133
