       1 0.178908   0.00004264
       2 0.357800   0.00004265
       3 0.662496   0.00003455
       4 0.883352   0.00003455
       6 1.444743   0.00003168
       8 1.919494   0.00003180
      12 2.897802   0.00003159
      13 3.392210   0.00002924
      16 4.195305   0.00002910
      19 4.962417   0.00002921
      21 5.451739   0.00002939
      24 6.250209   0.00002930
      27 7.019998   0.00002934
      29 7.630000   0.00002900
      32 8.402714   0.00002905
      35 9.105165   0.00002933
      45 12.132400   0.00002830
      48 13.236728   0.00002767
      51 14.256032   0.00002729
      61 17.155188   0.00002713
      64 17.885989   0.00002730
      67 18.779141   0.00002722
      93 26.022368   0.00002727
      96 27.006035   0.00002712
      99 27.892105   0.00002708
     125 35.108028   0.00002716
     128 36.224864   0.00002696
     131 37.092900   0.00002694
     189 53.205659   0.00002710
     192 54.178456   0.00002704
     195 54.910002   0.00002709
     253 70.787404   0.00002727
     256 71.713923   0.00002723
     259 72.600032   0.00002722
     381 106.906291   0.00002719
     384 107.692347   0.00002720
     387 108.415282   0.00002723
     509 142.963836   0.00002716
     512 142.839757   0.00002735
     515 144.187821   0.00002725
     765 212.657387   0.00002745
     768 214.222390   0.00002735
     771 216.029947   0.00002723
    1021 284.512021   0.00002738
    1024 287.121699   0.00002721
    1027 286.806859   0.00002732
    1533 258.819467   0.00004519
    1536 260.326363   0.00004502
    1539 259.906116   0.00004518
    2045 344.972843   0.00004523
    2048 344.896719   0.00004530
    2051 346.686864   0.00004514
    3069 515.699495   0.00004540
    3072 518.006059   0.00004525
    3075 516.764557   0.00004540
    4093 677.770883   0.00004607
    4096 681.918001   0.00004583
    4099 684.991374   0.00004565
    6141 1017.848030   0.00004603
    6144 1013.210656   0.00004626
    6147 1016.414153   0.00004614
    8189 1340.882788   0.00004659
    8192 1339.946968   0.00004664
    8195 1341.470686   0.00004661
   12285 1866.780669   0.00005021
   12288 1773.027742   0.00005288
   12291 1772.442391   0.00005291
   16381 1954.851954   0.00006393
   16384 1953.492836   0.00006399
   16387 1954.010082   0.00006398
   24573 2559.940375   0.00007323
   24576 2485.743879   0.00007543
   24579 2481.178612   0.00007558
   32765 3218.782253   0.00007766
   32768 3227.746906   0.00007745
   32771 3228.492727   0.00007744
   49149 4816.927796   0.00007785
   49152 4665.263030   0.00008038
   49155 4497.170576   0.00008339
   65533 5709.604045   0.00008757
   65536 5689.871840   0.00008788
   65539 5704.069462   0.00008766
   98301 8233.012861   0.00009109
   98304 8644.400258   0.00008676
   98307 8140.041583   0.00009214
  131069 9560.157649   0.00010460
  131072 9480.266655   0.00010548
  131075 9505.131582   0.00010521
  196605 24138.608983   0.00006214
  196608 36053.418179   0.00004160
  196611 36200.422033   0.00004144
  262141 33211.441414   0.00006022
  262144 33263.874064   0.00006013
  262147 33295.026646   0.00006007
  393213 36403.129231   0.00008241
  393216 36385.734492   0.00008245
  393219 36413.378570   0.00008239
  524285 38188.574793   0.00010474
  524288 38193.182134   0.00010473
  524291 38301.890375   0.00010443
  786429 40142.017823   0.00014947
  786432 40210.070124   0.00014922
  786435 40233.501702   0.00014913
 1048573 41316.228772   0.00019363
 1048576 41359.320520   0.00019343
 1048579 41323.507597   0.00019359
 1572861 42518.386484   0.00028223
 1572864 42394.908044   0.00028305
 1572867 42455.598214   0.00028265
 2097149 42974.176588   0.00037232
 2097152 42935.830961   0.00037265
 2097155 42874.071263   0.00037319
 3145725 42733.134588   0.00056162
 3145728 42452.712395   0.00056533
 3145731 42458.004265   0.00056526
 4194301 41144.287649   0.00077775
 4194304 40962.480619   0.00078120
 4194307 40943.278326   0.00078157
 6291453 38407.532929   0.00124975
 6291456 38059.110741   0.00126120
 6291459 37994.646033   0.00126334
 8388605 35999.068266   0.00177782
 8388608 35835.762220   0.00178593
 8388611 35796.444952   0.00178789
