       1 0.184019   0.00004146
       2 0.367056   0.00004157
       3 0.549771   0.00004163
       4 0.735851   0.00004147
       6 1.093478   0.00004186
       8 1.469881   0.00004152
      12 2.203321   0.00004155
      13 2.399075   0.00004134
      16 2.943165   0.00004148
      19 3.495653   0.00004147
      21 3.855471   0.00004156
      24 4.414600   0.00004148
      27 4.941411   0.00004169
      29 5.290181   0.00004182
      32 5.850777   0.00004173
      35 6.431497   0.00004152
      45 8.208867   0.00004182
      48 8.781739   0.00004170
      51 9.354550   0.00004159
      61 11.140331   0.00004178
      64 11.685214   0.00004179
      67 12.304719   0.00004154
      93 16.954687   0.00004185
      96 17.445803   0.00004198
      99 18.042736   0.00004186
     125 22.756171   0.00004191
     128 23.205521   0.00004208
     131 23.770418   0.00004205
     189 34.238464   0.00004212
     192 34.810697   0.00004208
     195 35.391799   0.00004204
     253 45.472823   0.00004245
     256 45.628673   0.00004280
     259 46.534034   0.00004246
     381 67.909237   0.00004280
     384 68.208743   0.00004295
     387 68.689168   0.00004298
     509 90.200732   0.00004305
     512 90.245519   0.00004328
     515 90.779694   0.00004328
     765 132.214304   0.00004414
     768 133.152590   0.00004400
     771 134.019257   0.00004389
    1021 175.257790   0.00004445
    1024 174.602627   0.00004474
    1027 176.007428   0.00004452
    1533 136.268177   0.00008583
    1536 138.177705   0.00008481
    1539 136.868686   0.00008579
    2045 193.310307   0.00008071
    2048 181.265582   0.00008620
    2051 179.880400   0.00008699
    3069 270.805785   0.00008646
    3072 197.890825   0.00011844
    3075 270.801418   0.00008663
    4093 363.914120   0.00008581
    4096 357.740665   0.00008735
    4099 274.058718   0.00011411
    6141 502.768783   0.00009319
    6144 499.729721   0.00009380
    6147 509.272519   0.00009209
    8189 642.328872   0.00009727
    8192 633.283049   0.00009869
    8195 649.069222   0.00009633
   12285 812.974162   0.00011529
   12288 812.498004   0.00011538
   12291 780.393028   0.00012016
   16381 1003.581513   0.00012453
   16384 998.098595   0.00012524
   16387 1008.698161   0.00012394
   24573 1388.528335   0.00013502
   24576 1371.762989   0.00013669
   24579 1310.436012   0.00014310
   32765 1565.040888   0.00015973
   32768 1810.942141   0.00013805
   32771 1868.402730   0.00013382
   49149 2310.871513   0.00016227
   49152 2309.134282   0.00016240
   49155 2260.071281   0.00016593
   65533 2064.102602   0.00024222
   65536 2638.901909   0.00018947
   65539 2536.548260   0.00019713
   98301 2903.971101   0.00025826
   98304 2921.481637   0.00025672
   98307 2961.894901   0.00025322
  131069 2789.870332   0.00035843
  131072 2762.869344   0.00036194
  131075 2767.171264   0.00036139
  196605 3435.092791   0.00043666
  196608 3498.757206   0.00042872
  196611 3427.939666   0.00043759
  262141 3696.729689   0.00054101
  262144 3747.451016   0.00053370
  262147 3780.911374   0.00052898
  393213 4116.066732   0.00072885
  393216 4102.765736   0.00073121
  393219 4129.578759   0.00072647
  524285 4130.125386   0.00096849
  524288 4137.554599   0.00096675
  524291 4208.117837   0.00095055
  786429 4230.634848   0.00141822
  786432 4136.597005   0.00145047
  786435 4143.690244   0.00144799
 1048573 4303.373154   0.00185900
 1048576 4182.921627   0.00191254
 1048579 4275.048649   0.00187133
 1572861 4212.882644   0.00284840
 1572864 4228.167640   0.00283811
 1572867 4242.050437   0.00282883
 2097149 4246.388642   0.00376790
 2097152 4330.990476   0.00369431
 2097155 4286.416434   0.00373273
 3145725 4334.081060   0.00553750
 3145728 4268.370604   0.00562275
 3145731 4312.115317   0.00556572
 4194301 4323.088509   0.00740211
 4194304 4285.436485   0.00746715
 4194307 4287.481567   0.00746359
 6291453 4281.310721   0.01121151
 6291456 4838.662658   0.00992010
 6291459 4813.155841   0.00997267
 8388605 4831.218084   0.01324717
 8388608 4792.876912   0.01335315
 8388611 4744.368023   0.01348968
