       1 0.174972   0.00004360
       2 0.350054   0.00004359
       3 0.524116   0.00004367
       4 0.698822   0.00004367
       6 1.056539   0.00004333
       8 1.399649   0.00004361
      12 2.103921   0.00004352
      13 2.291338   0.00004329
      16 2.801656   0.00004357
      19 3.323713   0.00004361
      21 3.650064   0.00004389
      24 4.175273   0.00004385
      27 4.704383   0.00004379
      29 5.084245   0.00004352
      32 5.602046   0.00004358
      35 6.178562   0.00004322
      45 7.908637   0.00004341
      48 8.403989   0.00004358
      51 8.967689   0.00004339
      61 10.534703   0.00004418
      64 11.174989   0.00004369
      67 11.755151   0.00004348
      93 16.270394   0.00004361
      96 16.578135   0.00004418
      99 17.210797   0.00004389
     125 21.811860   0.00004372
     128 22.242108   0.00004391
     131 22.861068   0.00004372
     189 32.869866   0.00004387
     192 33.312581   0.00004397
     195 33.632165   0.00004424
     253 43.564333   0.00004431
     256 43.880765   0.00004451
     259 44.584020   0.00004432
     381 64.938997   0.00004476
     384 65.437675   0.00004477
     387 65.860147   0.00004483
     509 86.222814   0.00004504
     512 86.257416   0.00004529
     515 87.006931   0.00004516
     765 126.968950   0.00004597
     768 127.952431   0.00004579
     771 128.294224   0.00004585
    1021 167.151613   0.00004660
    1024 166.778478   0.00004684
    1027 167.527150   0.00004677
    1533 120.021240   0.00009745
    1536 121.098271   0.00009677
    1539 119.659386   0.00009813
    2045 177.889878   0.00008771
    2048 175.362618   0.00008910
    2051 175.301148   0.00008926
    3069 252.071731   0.00009289
    3072 254.593084   0.00009206
    3075 201.296929   0.00011655
    4093 340.090844   0.00009182
    4096 339.941969   0.00009193
    4099 340.238802   0.00009191
    6141 464.457373   0.00010087
    6144 461.550675   0.00010156
    6147 471.603618   0.00009944
    8189 615.945412   0.00010143
    8192 608.802681   0.00010266
    8195 584.893359   0.00010690
   12285 755.331140   0.00012409
   12288 759.561624   0.00012343
   12291 750.094403   0.00012501
   16381 927.680862   0.00013472
   16384 961.100327   0.00013006
   16387 937.223732   0.00013340
   24573 1223.810692   0.00015319
   24576 1231.644639   0.00015224
   24579 1250.926645   0.00014991
   32765 1507.441665   0.00016583
   32768 1576.510663   0.00015858
   32771 1599.975201   0.00015627
   49149 1837.587300   0.00020406
   49152 1967.015237   0.00019064
   49155 2065.397522   0.00018157
   65533 2224.606165   0.00022475
   65536 2239.641633   0.00022325
   65539 2259.223156   0.00022133
   98301 2759.950398   0.00027174
   98304 2786.940671   0.00026911
   98307 2731.897315   0.00027454
  131069 2708.236618   0.00036924
  131072 2699.590650   0.00037043
  131075 2643.950146   0.00037823
  196605 3281.242547   0.00045714
  196608 3115.911946   0.00048140
  196611 3253.312110   0.00046108
  262141 3648.941904   0.00054810
  262144 3674.282053   0.00054432
  262147 3672.697752   0.00054457
  393213 3739.669306   0.00080220
  393216 3604.622502   0.00083226
  393219 3746.985020   0.00080065
  524285 3737.912761   0.00107011
  524288 3762.477871   0.00106313
  524291 3728.890999   0.00107271
  786429 3757.084515   0.00159698
  786432 3696.640073   0.00162310
  786435 5032.901666   0.00119216
 1048573 5017.290188   0.00159448
 1048576 5117.773146   0.00156318
 1048579 5069.104434   0.00157819
 1572861 5156.128874   0.00232732
 1572864 5132.870816   0.00233787
 1572867 5127.278268   0.00234043
 2097149 5222.835116   0.00306347
 2097152 5351.450692   0.00298984
 2097155 5352.632140   0.00298919
 3145725 5264.132017   0.00455915
 3145728 5266.784304   0.00455686
 3145731 5310.581079   0.00451928
 4194301 5355.774909   0.00597485
 4194304 5279.161346   0.00606157
 4194307 5508.392010   0.00580932
 6291453 5156.961712   0.00930780
 6291456 5232.504535   0.00917343
 6291459 5191.919407   0.00924514
 8388605 5705.523256   0.01121720
 8388608 5152.040075   0.01242226
 8388611 4718.719259   0.01356301
