       1 0.166311   0.00004587
       2 0.329554   0.00004630
       3 0.495606   0.00004618
       4 0.660817   0.00004618
       6 0.987086   0.00004638
       8 1.326316   0.00004602
      12 2.001297   0.00004575
      13 2.147438   0.00004619
      16 2.649641   0.00004607
      19 3.145637   0.00004608
      21 3.495654   0.00004583
      24 3.954011   0.00004631
      27 4.495383   0.00004582
      29 4.788243   0.00004621
      32 5.356435   0.00004558
      35 5.772711   0.00004626
      45 7.445256   0.00004611
      48 7.914194   0.00004627
      51 8.481705   0.00004588
      61 10.064437   0.00004624
      64 10.552761   0.00004627
      67 10.967583   0.00004661
      93 15.387196   0.00004611
      96 15.819279   0.00004630
      99 16.244530   0.00004650
     125 20.537400   0.00004644
     128 21.028453   0.00004644
     131 21.463398   0.00004657
     189 30.825589   0.00004678
     192 31.398032   0.00004665
     195 31.977509   0.00004652
     253 41.493233   0.00004652
     256 41.832421   0.00004669
     259 42.483988   0.00004651
     381 62.010641   0.00004688
     384 62.283921   0.00004704
     387 62.720324   0.00004708
     509 81.946791   0.00004739
     512 82.330676   0.00004745
     515 82.906893   0.00004739
     765 121.093835   0.00004820
     768 121.146890   0.00004837
     771 121.886942   0.00004826
    1021 160.383259   0.00004857
    1024 159.020278   0.00004913
    1027 158.274803   0.00004950
    1533 113.262605   0.00010326
    1536 112.671043   0.00010401
    1539 114.402809   0.00010263
    2045 166.417224   0.00009375
    2048 162.916526   0.00009591
    2051 164.523677   0.00009511
    3069 236.327490   0.00009908
    3072 237.592322   0.00009865
    3075 240.120424   0.00009770
    4093 316.908805   0.00009854
    4096 311.820660   0.00010022
    4099 310.600446   0.00010069
    6141 442.475287   0.00010589
    6144 442.855211   0.00010585
    6147 441.866494   0.00010614
    8189 575.875255   0.00010849
    8192 574.753891   0.00010874
    8195 574.942132   0.00010875
   12285 716.759514   0.00013077
   12288 722.206685   0.00012981
   12291 725.495685   0.00012925
   16381 925.902844   0.00013498
   16384 950.786340   0.00013147
   16387 938.284947   0.00013325
   24573 1260.889365   0.00014869
   24576 1270.994334   0.00014752
   24579 1234.368323   0.00015192
   32765 1592.975889   0.00015692
   32768 1474.490449   0.00016955
   32771 1617.217444   0.00015460
   49149 1759.482910   0.00021312
   49152 1762.167055   0.00021281
   49155 1846.256030   0.00020313
   65533 2328.878849   0.00021469
   65536 2436.356946   0.00020522
   65539 2435.636025   0.00020529
   98301 2766.686970   0.00027107
   98304 2858.363319   0.00026239
   98307 2908.151326   0.00025790
  131069 2799.929786   0.00035714
  131072 2754.410921   0.00036305
  131075 2716.535362   0.00036812
  196605 3292.769221   0.00045554
  196608 3272.224116   0.00045840
  196611 3332.109883   0.00045017
  262141 3702.410745   0.00054018
  262144 3706.532395   0.00053959
  262147 3737.186450   0.00053517
  393213 3801.473509   0.00078916
  393216 3702.126808   0.00081035
  393219 3838.166620   0.00078163
  524285 4023.496925   0.00099415
  524288 3890.441098   0.00102816
  524291 3937.922098   0.00101577
  786429 4198.758106   0.00142899
  786432 4269.365950   0.00140536
  786435 4114.045060   0.00145842
 1048573 4261.790529   0.00187714
 1048576 4162.991499   0.00192170
 1048579 4079.167762   0.00196119
 1572861 4225.231738   0.00284008
 1572864 4260.645022   0.00281647
 1572867 4256.579903   0.00281917
 2097149 4413.783411   0.00362500
 2097152 4263.826928   0.00375250
 2097155 4351.475678   0.00367692
 3145725 4447.485968   0.00539630
 3145728 4425.319507   0.00542334
 3145731 4398.326193   0.00545663
 4194301 4419.378569   0.00724083
 4194304 4264.208141   0.00750432
 4194307 4310.003661   0.00742459
 6291453 4316.574982   0.01111992
 6291456 4459.307647   0.01076400
 6291459 3916.582241   0.01225559
 8388605 4216.030428   0.01518015
 8388608 4185.246864   0.01529181
 8388611 4913.057693   0.01302652
