       1 0.157894   0.00004832
       2 0.317345   0.00004808
       3 0.477382   0.00004795
       4 0.636035   0.00004798
       6 0.950628   0.00004815
       8 1.272101   0.00004798
      12 1.900885   0.00004816
      13 2.065571   0.00004802
      16 2.540818   0.00004804
      19 3.003654   0.00004826
      21 3.341155   0.00004795
      24 3.828384   0.00004783
      27 4.253277   0.00004843
      29 4.617291   0.00004792
      32 5.083214   0.00004803
      35 5.584297   0.00004782
      45 7.099405   0.00004836
      48 7.590898   0.00004824
      51 8.084488   0.00004813
      61 9.722317   0.00004787
      64 10.097049   0.00004836
      67 10.595532   0.00004824
      93 14.612659   0.00004856
      96 15.133440   0.00004840
      99 15.606516   0.00004840
     125 19.782615   0.00004821
     128 20.197277   0.00004835
     131 20.701137   0.00004828
     189 29.607231   0.00004870
     192 30.269607   0.00004839
     195 30.444909   0.00004887
     253 39.547744   0.00004881
     256 40.151363   0.00004864
     259 40.410508   0.00004890
     381 58.723763   0.00004950
     384 59.517402   0.00004922
     387 59.940294   0.00004926
     509 79.080720   0.00004911
     512 79.101428   0.00004938
     515 79.300941   0.00004955
     765 116.454038   0.00005012
     768 117.091456   0.00005004
     771 117.155126   0.00005021
    1021 154.049856   0.00005057
    1024 154.328177   0.00005062
    1027 154.001583   0.00005088
    1533 105.640058   0.00011071
    1536 107.978871   0.00010853
    1539 107.130851   0.00010960
    2045 153.080133   0.00010192
    2048 153.588736   0.00010173
    2051 153.320259   0.00010206
    3069 224.344882   0.00010437
    3072 227.534504   0.00010301
    3075 223.384479   0.00010502
    4093 297.201182   0.00010507
    4096 298.720609   0.00010461
    4099 298.935598   0.00010461
    6141 431.459059   0.00010859
    6144 428.197577   0.00010947
    6147 419.614254   0.00011176
    8189 555.269343   0.00011252
    8192 551.344877   0.00011336
    8195 558.229465   0.00011200
   12285 752.468343   0.00012456
   12288 714.808217   0.00013115
   12291 712.707276   0.00013157
   16381 928.474947   0.00013460
   16384 936.160982   0.00013352
   16387 934.788757   0.00013374
   24573 1148.587594   0.00016322
   24576 1099.897354   0.00017047
   24579 1127.806192   0.00016627
   32765 1302.370645   0.00019194
   32768 1485.324137   0.00016831
   32771 1491.999224   0.00016758
   49149 1772.830091   0.00021151
   49152 1880.927001   0.00019937
   49155 1728.012946   0.00021703
   65533 1813.139660   0.00027575
   65536 1831.445661   0.00027301
   65539 1854.317242   0.00026965
   98301 2556.772697   0.00029333
   98304 2554.903705   0.00029355
   98307 2555.676614   0.00029347
  131069 2601.894573   0.00038433
  131072 2527.485584   0.00039565
  131075 2444.289044   0.00040913
  196605 3017.913420   0.00049702
  196608 3032.703225   0.00049461
  196611 3037.491688   0.00049384
  262141 3160.412091   0.00063282
  262144 3232.170666   0.00061878
  262147 3177.035461   0.00062952
  393213 3305.898862   0.00090746
  393216 3278.419796   0.00091508
  393219 3304.620482   0.00090783
  524285 3336.590799   0.00119882
  524288 3396.180803   0.00117779
  524291 3269.839322   0.00122331
  786429 3420.180110   0.00175429
  786432 3388.069717   0.00177092
  786435 3417.814174   0.00175551
 1048573 3494.373784   0.00228939
 1048576 3443.641416   0.00232312
 1048579 3529.304667   0.00226674
 1572861 3556.171929   0.00337441
 1572864 3572.714378   0.00335879
 1572867 3652.856178   0.00328511
 2097149 3679.168430   0.00434880
 2097152 3664.993553   0.00436563
 2097155 3687.526525   0.00433896
 3145725 3700.605574   0.00648542
 3145728 3801.620375   0.00631310
 3145731 3707.914580   0.00647265
 4194301 3688.969780   0.00867450
 4194304 3767.938239   0.00849271
 4194307 3730.438616   0.00857809
 6291453 3661.999811   0.01310759
 6291456 3691.343119   0.01300340
 6291459 3799.089849   0.01263461
 8388605 3635.159988   0.01760582
 8388608 3591.333987   0.01782068
 8388611 3560.735646   0.01797382
