       1 0.152373   0.00005007
       2 0.304397   0.00005013
       3 0.457374   0.00005004
       4 0.608329   0.00005017
       6 0.914976   0.00005003
       8 1.221572   0.00004996
      12 1.814752   0.00005045
      13 1.979901   0.00005009
      16 2.419450   0.00005045
      19 2.869267   0.00005052
      21 3.179819   0.00005039
      24 3.634141   0.00005038
      27 4.074548   0.00005056
      29 4.395391   0.00005034
      32 4.852805   0.00005031
      35 5.246787   0.00005089
      45 6.797096   0.00005051
      48 7.227294   0.00005067
      51 7.702119   0.00005052
      61 9.294354   0.00005007
      64 9.688090   0.00005040
      67 10.154504   0.00005034
      93 14.012585   0.00005064
      96 14.503953   0.00005050
      99 14.942712   0.00005055
     125 18.876841   0.00005052
     128 19.191243   0.00005089
     131 19.683810   0.00005078
     189 28.224644   0.00005109
     192 28.812498   0.00005084
     195 29.033939   0.00005124
     253 37.886059   0.00005095
     256 38.314276   0.00005098
     259 38.517558   0.00005130
     381 56.110769   0.00005180
     384 56.550230   0.00005181
     387 56.900240   0.00005189
     509 75.348206   0.00005154
     512 75.334103   0.00005185
     515 75.465086   0.00005207
     765 111.907120   0.00005215
     768 111.948389   0.00005234
     771 112.673058   0.00005221
    1021 146.282890   0.00005325
    1024 145.600027   0.00005366
    1027 146.742371   0.00005340
    1533 98.312704   0.00011897
    1536 103.386363   0.00011335
    1539 102.027936   0.00011508
    2045 140.327255   0.00011118
    2048 139.516972   0.00011199
    2051 141.849950   0.00011031
    3069 214.066592   0.00010938
    3072 209.962144   0.00011163
    3075 214.106006   0.00010957
    4093 283.714281   0.00011007
    4096 285.997722   0.00010927
    4099 287.608409   0.00010873
    6141 410.022090   0.00011427
    6144 406.792255   0.00011523
    6147 407.632834   0.00011505
    8189 528.500781   0.00011822
    8192 542.873040   0.00011513
    8195 545.113944   0.00011470
   12285 717.818406   0.00013057
   12288 704.871461   0.00013300
   12291 705.329496   0.00013295
   16381 840.452652   0.00014870
   16384 831.329352   0.00015036
   16387 827.182698   0.00015114
   24573 1089.176604   0.00017213
   24576 1072.482853   0.00017483
   24579 1091.081491   0.00017187
   32765 1200.193065   0.00020828
   32768 1268.646527   0.00019706
   32771 1377.685662   0.00018148
   49149 1458.156870   0.00025716
   49152 1449.909956   0.00025864
   49155 1716.261126   0.00021851
   65533 1924.839821   0.00025975
   65536 1926.897554   0.00025948
   65539 1949.624844   0.00025647
   98301 2501.019904   0.00029987
   98304 2408.349856   0.00031142
   98307 2457.248893   0.00030523
  131069 2405.726738   0.00041567
  131072 2410.461818   0.00041486
  131075 2403.730757   0.00041603
  196605 2954.551307   0.00050768
  196608 2941.354389   0.00050997
  196611 2958.577686   0.00050701
  262141 3023.784075   0.00066142
  262144 3019.055960   0.00066246
  262147 2985.495156   0.00066991
  393213 3168.509777   0.00094681
  393216 3052.390266   0.00098284
  393219 3163.481662   0.00094833
  524285 3304.599263   0.00121043
  524288 3236.726392   0.00123582
  524291 3210.684604   0.00124585
  786429 3209.550960   0.00186941
  786432 3215.040836   0.00186623
  786435 3216.379740   0.00186546
 1048573 3340.323548   0.00239497
 1048576 3383.057406   0.00236472
 1048579 3359.340036   0.00238143
 1572861 3400.872456   0.00352850
 1572864 3545.522606   0.00338455
 1572867 3463.837324   0.00346437
 2097149 3509.495504   0.00455905
 2097152 3509.308846   0.00455930
 2097155 3499.149314   0.00457255
 3145725 3569.882864   0.00672290
 3145728 3605.827882   0.00665589
 3145731 3586.264351   0.00669221
 4194301 3569.428009   0.00896502
 4194304 3588.853243   0.00891650
 4194307 3552.596969   0.00900750
 6291453 3564.026235   0.01346791
 6291456 3520.672774   0.01363376
 6291459 3633.268750   0.01321125
 8388605 3552.102685   0.01801749
 8388608 3524.617497   0.01815800
 8388611 3492.654799   0.01832418
