       1 0.183156   0.00004166
       2 0.367582   0.00004151
       3 0.553803   0.00004133
       4 0.734815   0.00004153
       6 1.100253   0.00004161
       8 1.471345   0.00004148
      12 2.204381   0.00004153
      13 2.398397   0.00004135
      16 2.944379   0.00004146
      19 3.477832   0.00004168
      21 3.855319   0.00004156
      24 4.402884   0.00004159
      27 4.949457   0.00004162
      29 5.347562   0.00004137
      32 5.916406   0.00004127
      35 6.484809   0.00004118
      45 8.257915   0.00004157
      48 8.825957   0.00004149
      51 9.404687   0.00004137
      61 11.208018   0.00004152
      64 11.732613   0.00004162
      67 12.320838   0.00004149
      93 16.947124   0.00004187
      96 17.495131   0.00004186
      99 18.146850   0.00004162
     125 22.909853   0.00004163
     128 23.293396   0.00004192
     131 23.887108   0.00004184
     189 34.176421   0.00004219
     192 34.667238   0.00004225
     195 35.255365   0.00004220
     253 45.779253   0.00004216
     256 45.832139   0.00004261
     259 46.705090   0.00004231
     381 67.980040   0.00004276
     384 68.473830   0.00004279
     387 69.051043   0.00004276
     509 89.983960   0.00004316
     512 90.857606   0.00004299
     515 91.325351   0.00004302
     765 133.070298   0.00004386
     768 132.651593   0.00004417
     771 133.948534   0.00004391
    1021 174.627699   0.00004461
    1024 175.127424   0.00004461
    1027 175.011604   0.00004477
    1533 122.678679   0.00009534
    1536 89.574871   0.00013083
    1539 126.307405   0.00009296
    2045 186.390069   0.00008371
    2048 183.563033   0.00008512
    2051 186.363449   0.00008396
    3069 271.252586   0.00008632
    3072 266.761414   0.00008786
    3075 268.531046   0.00008737
    4093 379.600255   0.00008226
    4096 357.025015   0.00008753
    4099 363.393859   0.00008606
    6141 508.704894   0.00009210
    6144 505.924503   0.00009265
    6147 501.506774   0.00009351
    8189 657.516426   0.00009502
    8192 644.930457   0.00009691
    8195 660.600915   0.00009465
   12285 779.975086   0.00012017
   12288 814.693329   0.00011507
   12291 818.642979   0.00011455
   16381 990.882187   0.00012613
   16384 982.581741   0.00012722
   16387 980.219947   0.00012755
   24573 1284.584307   0.00014594
   24576 1267.689897   0.00014791
   24579 1321.264158   0.00014193
   32765 1546.659774   0.00016162
   32768 1642.815232   0.00015218
   32771 1676.390981   0.00014914
   49149 1843.585156   0.00020340
   49152 1957.489793   0.00019157
   49155 2031.124486   0.00018464
   65533 1996.113642   0.00025048
   65536 2312.582416   0.00021621
   65539 2308.005907   0.00021665
   98301 2886.822121   0.00025979
   98304 2936.791356   0.00025538
   98307 2938.465181   0.00025524
  131069 2886.065508   0.00034648
  131072 2826.185089   0.00035383
  131075 2772.786475   0.00036066
  196605 3494.890469   0.00042919
  196608 3529.172603   0.00042503
  196611 3990.445979   0.00037590
  262141 4414.359475   0.00045306
  262144 4410.899200   0.00045342
  262147 4405.516412   0.00045398
  393213 4948.710398   0.00060621
  393216 4947.870771   0.00060632
  393219 4958.453378   0.00060503
  524285 5141.595623   0.00077796
  524288 5145.768691   0.00077734
  524291 5150.314982   0.00077666
  786429 5189.838167   0.00115610
  786432 5199.267721   0.00115401
  786435 5208.632680   0.00115194
 1048573 5320.911971   0.00150350
 1048576 5224.155164   0.00153135
 1048579 5216.367428   0.00153364
 1572861 5342.706612   0.00224605
 1572864 5350.632592   0.00224273
 1572867 5362.683567   0.00223769
 2097149 5412.387136   0.00295618
 2097152 5407.344597   0.00295894
 2097155 5457.441149   0.00293178
 3145725 5434.920514   0.00441588
 3145728 5473.786356   0.00438453
 3145731 5462.701846   0.00439343
 4194301 5530.382049   0.00578621
 4194304 5449.650047   0.00587194
 4194307 5494.158330   0.00582437
 6291453 5315.796664   0.00902969
 6291456 5366.511406   0.00894436
 6291459 5406.578325   0.00887808
 8388605 4986.168363   0.01283550
 8388608 5181.068104   0.01235267
 8388611 5132.058971   0.01247063
