       1 0.184458   0.00004136
       2 0.368615   0.00004139
       3 0.550704   0.00004156
       4 0.738090   0.00004135
       6 1.109111   0.00004127
       8 1.481739   0.00004119
      12 2.228727   0.00004108
      13 2.403268   0.00004127
      16 2.936265   0.00004157
      19 3.501832   0.00004140
      21 3.891554   0.00004117
      24 4.418985   0.00004144
      27 4.948701   0.00004163
      29 5.385386   0.00004108
      32 5.882856   0.00004150
      35 6.403874   0.00004170
      45 8.314894   0.00004129
      48 8.829630   0.00004148
      51 9.380937   0.00004148
      61 11.227472   0.00004145
      64 11.730325   0.00004163
      67 12.150367   0.00004207
      93 17.161800   0.00004134
      96 17.520003   0.00004180
      99 17.991381   0.00004198
     125 22.828598   0.00004178
     128 23.288166   0.00004193
     131 23.737148   0.00004210
     189 34.331258   0.00004200
     192 34.960848   0.00004190
     195 35.429304   0.00004199
     253 45.558079   0.00004237
     256 46.183889   0.00004229
     259 47.044115   0.00004200
     381 68.618803   0.00004236
     384 69.083177   0.00004241
     387 69.817496   0.00004229
     509 90.667937   0.00004283
     512 90.878342   0.00004298
     515 91.669455   0.00004286
     765 134.156348   0.00004351
     768 133.442846   0.00004391
     771 134.546319   0.00004372
    1021 176.182350   0.00004421
    1024 175.557990   0.00004450
    1027 176.340127   0.00004443
    1533 122.430081   0.00009553
    1536 121.099344   0.00009677
    1539 126.350746   0.00009293
    2045 183.701255   0.00008493
    2048 183.081891   0.00008534
    2051 183.437159   0.00008530
    3069 261.131150   0.00008967
    3072 264.677494   0.00008855
    3075 262.854731   0.00008925
    4093 348.989395   0.00008948
    4096 351.761139   0.00008884
    4099 275.385250   0.00011356
    6141 469.651992   0.00009976
    6144 468.216921   0.00010011
    6147 474.327915   0.00009887
    8189 621.661863   0.00010050
    8192 596.742369   0.00010474
    8195 586.983257   0.00010652
   12285 701.572603   0.00013360
   12288 720.853144   0.00013005
   12291 719.907423   0.00013026
   16381 847.277946   0.00014750
   16384 834.055849   0.00014987
   16387 836.552474   0.00014945
   24573 1026.891478   0.00018257
   24576 1054.773638   0.00017776
   24579 1048.292138   0.00017888
   32765 1154.484657   0.00021653
   32768 1168.499625   0.00021395
   32771 1120.465978   0.00022314
   49149 1329.065455   0.00028214
   49152 1360.314811   0.00027567
   49155 1354.432684   0.00027689
   65533 1632.935039   0.00030618
   65536 1683.430806   0.00029701
   65539 1682.834884   0.00029713
   98301 1881.579902   0.00039859
   98304 1969.788097   0.00038075
   98307 1947.014064   0.00038522
  131069 2176.088419   0.00045953
  131072 2163.266843   0.00046226
  131075 2177.557937   0.00045924
  196605 2492.098361   0.00060189
  196608 2480.960321   0.00060460
  196611 2484.025864   0.00060387
  262141 2596.119956   0.00077037
  262144 2617.797070   0.00076400
  262147 2617.537402   0.00076409
  393213 3043.025304   0.00098585
  393216 3108.948444   0.00096496
  393219 4408.320565   0.00068054
  524285 4694.241129   0.00085210
  524288 4664.906616   0.00085747
  524291 4697.145251   0.00085159
  786429 5024.525939   0.00119414
  786432 5010.970755   0.00119737
  786435 5029.626682   0.00119294
 1048573 5180.225640   0.00154433
 1048576 5152.349100   0.00155269
 1048579 5164.842329   0.00154894
 1572861 5469.919745   0.00219381
 1572864 5432.283740   0.00220902
 1572867 5418.064685   0.00221482
 2097149 5501.244764   0.00290843
 2097152 5465.192267   0.00292762
 2097155 5472.960603   0.00292347
 3145725 5618.860057   0.00427132
 3145728 5662.292705   0.00423857
 3145731 5612.334454   0.00427630
 4194301 5743.510356   0.00557150
 4194304 5747.636420   0.00556751
 4194307 5732.726779   0.00558199
 6291453 5754.569636   0.00834119
 6291456 5537.655065   0.00866793
 6291459 5674.199789   0.00845935
 8388605 5511.699046   0.01161166
 8388608 5639.518813   0.01134849
 8388611 5650.338012   0.01132676
