       1 0.184661   0.00004132
       2 0.370054   0.00004123
       3 0.553078   0.00004138
       4 0.737427   0.00004138
       6 1.098815   0.00004166
       8 1.475023   0.00004138
      12 2.196326   0.00004168
      13 2.383756   0.00004161
      16 2.926951   0.00004171
      19 3.464636   0.00004184
      21 3.848737   0.00004163
      24 4.370834   0.00004189
      27 4.916347   0.00004190
      29 5.307736   0.00004168
      32 5.825871   0.00004191
      35 6.429476   0.00004153
      45 8.234389   0.00004169
      48 8.761087   0.00004180
      51 9.364562   0.00004155
      61 11.187402   0.00004160
      64 11.664399   0.00004186
      67 12.310230   0.00004152
      93 16.893798   0.00004200
      96 17.428152   0.00004203
      99 18.001397   0.00004196
     125 22.724664   0.00004197
     128 23.160688   0.00004216
     131 23.689396   0.00004219
     189 34.396209   0.00004192
     192 34.672440   0.00004225
     195 35.213072   0.00004225
     253 45.509488   0.00004241
     256 45.616237   0.00004282
     259 46.457156   0.00004253
     381 67.887910   0.00004282
     384 68.535346   0.00004275
     387 69.031330   0.00004277
     509 89.520735   0.00004338
     512 90.174711   0.00004332
     515 91.167599   0.00004310
     765 133.107418   0.00004385
     768 133.123978   0.00004401
     771 134.147031   0.00004385
    1021 175.052555   0.00004450
    1024 175.667411   0.00004447
    1027 176.208184   0.00004447
    1533 121.099971   0.00009658
    1536 121.790723   0.00009622
    1539 123.407818   0.00009515
    2045 178.466044   0.00008742
    2048 183.541816   0.00008513
    2051 183.797968   0.00008514
    3069 264.190833   0.00008863
    3072 260.322664   0.00009003
    3075 264.980094   0.00008854
    4093 346.936789   0.00009001
    4096 348.653386   0.00008963
    4099 346.861399   0.00009016
    6141 463.043719   0.00010118
    6144 468.468570   0.00010006
    6147 465.027054   0.00010085
    8189 608.215300   0.00010272
    8192 576.435224   0.00010843
    8195 492.676202   0.00012690
   12285 688.431987   0.00013615
   12288 711.135938   0.00013183
   12291 685.201906   0.00013685
   16381 850.205619   0.00014700
   16384 830.239979   0.00015056
   16387 817.102277   0.00015301
   24573 1027.816012   0.00018240
   24576 1033.214599   0.00018147
   24579 1076.192357   0.00017425
   32765 1146.834575   0.00021797
   32768 1092.942796   0.00022874
   32771 1117.500824   0.00022373
   49149 1333.150617   0.00028127
   49152 1337.560570   0.00028036
   49155 1330.037372   0.00028196
   65533 1557.829248   0.00032094
   65536 1606.417396   0.00031125
   65539 1575.697163   0.00031733
   98301 1963.062122   0.00038204
   98304 1975.207530   0.00037971
   98307 1974.885923   0.00037978
  131069 2125.195667   0.00047053
  131072 2066.053989   0.00048401
  131075 2086.166609   0.00047936
  196605 2474.899064   0.00060608
  196608 2479.508067   0.00060496
  196611 2478.874305   0.00060512
  262141 2566.464332   0.00077927
  262144 2575.321870   0.00077660
  262147 2581.716855   0.00077469
  393213 2991.957140   0.00100268
  393216 2961.213022   0.00101310
  393219 2986.218993   0.00100462
  524285 2989.580839   0.00133797
  524288 3023.245695   0.00132308
  524291 3028.735510   0.00132069
  786429 3306.858312   0.00181440
  786432 3325.251151   0.00180437
  786435 3605.117031   0.00166431
 1048573 3735.949385   0.00214135
 1048576 3551.272731   0.00225271
 1048579 3559.664267   0.00224741
 1572861 3856.877644   0.00311132
 1572864 4236.577308   0.00283248
 1572867 4291.245960   0.00279640
 2097149 4364.694689   0.00366577
 2097152 4639.285039   0.00344881
 2097155 4650.390855   0.00344058
 3145725 4707.100808   0.00509867
 3145728 4768.425485   0.00503311
 3145731 4993.328599   0.00480642
 4194301 4164.768023   0.00768350
 4194304 3903.077499   0.00819866
 4194307 3910.111160   0.00818392
 6291453 3768.347848   0.01273767
 6291456 3519.554144   0.01363809
 6291459 3422.373594   0.01402536
 8388605 3563.805849   0.01795832
 8388608 4510.749525   0.01418833
 8388611 4988.179457   0.01283034
