       1 0.182231   0.00004187
       2 0.362540   0.00004209
       3 0.546661   0.00004187
       4 0.726408   0.00004201
       6 1.094959   0.00004181
       8 1.455130   0.00004194
      12 2.190975   0.00004179
      13 2.375033   0.00004176
      16 2.919713   0.00004181
      19 3.459536   0.00004190
      21 3.822549   0.00004191
      24 4.365173   0.00004195
      27 4.906341   0.00004199
      29 5.271467   0.00004197
      32 5.867405   0.00004161
      35 6.358964   0.00004199
      45 8.193731   0.00004190
      48 8.710584   0.00004204
      51 9.263987   0.00004200
      61 11.071020   0.00004204
      64 11.637976   0.00004196
      67 12.130602   0.00004214
      93 16.740345   0.00004238
      96 17.292881   0.00004235
      99 17.889103   0.00004222
     125 22.644561   0.00004211
     128 22.965525   0.00004252
     131 23.543860   0.00004245
     189 33.943431   0.00004248
     192 34.417649   0.00004256
     195 34.974932   0.00004254
     253 45.388031   0.00004253
     256 45.836652   0.00004261
     259 46.394650   0.00004259
     381 67.541639   0.00004304
     384 68.188041   0.00004296
     387 68.371489   0.00004318
     509 89.516636   0.00004338
     512 90.028430   0.00004339
     515 89.979573   0.00004367
     765 131.872335   0.00004426
     768 132.697025   0.00004416
     771 133.907183   0.00004393
    1021 174.382837   0.00004467
    1024 173.731672   0.00004497
    1027 173.457258   0.00004517
    1533 122.977026   0.00009511
    1536 119.799860   0.00009782
    1539 122.593316   0.00009578
    2045 182.273968   0.00008560
    2048 180.224850   0.00008670
    2051 184.384235   0.00008487
    3069 261.963185   0.00008938
    3072 262.920409   0.00008914
    3075 262.770971   0.00008928
    4093 347.406590   0.00008989
    4096 345.678110   0.00009040
    4099 352.659580   0.00008868
    6141 476.964716   0.00009823
    6144 461.668181   0.00010153
    6147 451.341382   0.00010391
    8189 604.682683   0.00010332
    8192 587.048736   0.00010646
    8195 578.384444   0.00010810
   12285 750.993688   0.00012480
   12288 692.565967   0.00013537
   12291 677.150035   0.00013848
   16381 796.498110   0.00015691
   16384 810.853216   0.00015416
   16387 799.341408   0.00015641
   24573 1027.122069   0.00018253
   24576 1006.397380   0.00018631
   24579 1014.665799   0.00018481
   32765 1102.989109   0.00022664
   32768 1077.766321   0.00023196
   32771 1080.848612   0.00023132
   49149 1299.676487   0.00028852
   49152 1301.065270   0.00028823
   49155 1303.249428   0.00028776
   65533 1504.888800   0.00033224
   65536 1505.374306   0.00033214
   65539 1567.879588   0.00031892
   98301 1871.807204   0.00040067
   98304 1927.081273   0.00038919
   98307 1939.157642   0.00038678
  131069 2033.125558   0.00049184
  131072 2045.695665   0.00048883
  131075 2022.128480   0.00049454
  196605 2477.415552   0.00060546
  196608 2476.437103   0.00060571
  196611 2473.116434   0.00060653
  262141 2578.340669   0.00077568
  262144 3419.353046   0.00058491
  262147 3312.781791   0.00060373
  393213 3832.612079   0.00078275
  393216 3857.325058   0.00077774
  393219 3816.509084   0.00078606
  524285 3868.720280   0.00103393
  524288 3835.166614   0.00104298
  524291 3831.748772   0.00104392
  786429 4169.544268   0.00143900
  786432 4139.981740   0.00144928
  786435 4190.579520   0.00143179
 1048573 4312.161658   0.00185521
 1048576 4323.735436   0.00185025
 1048579 4291.988545   0.00186394
 1572861 4400.928035   0.00272669
 1572864 4424.776472   0.00271200
 1572867 4430.400018   0.00270856
 2097149 4536.151343   0.00352721
 2097152 4429.502683   0.00361214
 2097155 4414.549319   0.00362438
 3145725 4527.507110   0.00530093
 3145728 4438.889917   0.00540676
 3145731 4456.210969   0.00538575
 4194301 4162.636776   0.00768743
 4194304 4016.821175   0.00796650
 4194307 3907.322316   0.00818976
 6291453 4354.135040   0.01102400
 6291456 4401.246644   0.01090600
 6291459 4467.258603   0.01074485
 8388605 4850.686247   0.01319400
 8388608 5525.182282   0.01158333
 8388611 5627.240538   0.01137325
