       1 0.181698   0.00004199
       2 0.362909   0.00004205
       3 0.543325   0.00004213
       4 0.725327   0.00004207
       6 1.086120   0.00004215
       8 1.452107   0.00004203
      12 2.172014   0.00004215
      13 2.368185   0.00004188
      16 2.897044   0.00004214
      19 3.440952   0.00004213
      21 3.814423   0.00004200
      24 4.350747   0.00004209
      27 4.884299   0.00004217
      29 5.230128   0.00004230
      32 5.846729   0.00004176
      35 6.319375   0.00004226
      45 8.114959   0.00004231
      48 8.714038   0.00004203
      51 9.227035   0.00004217
      61 11.026673   0.00004221
      64 11.596237   0.00004211
      67 12.119428   0.00004218
      93 16.692287   0.00004251
      96 17.315566   0.00004230
      99 17.724316   0.00004261
     125 22.554130   0.00004228
     128 23.022759   0.00004242
     131 23.447557   0.00004262
     189 33.739542   0.00004274
     192 34.313079   0.00004269
     195 34.975921   0.00004254
     253 45.241857   0.00004266
     256 45.392584   0.00004303
     259 46.028285   0.00004293
     381 67.127751   0.00004330
     384 67.788146   0.00004322
     387 68.072346   0.00004337
     509 89.020318   0.00004362
     512 89.351283   0.00004372
     515 90.021222   0.00004365
     765 131.256705   0.00004447
     768 132.600578   0.00004419
     771 131.681374   0.00004467
    1021 173.865733   0.00004480
    1024 172.576491   0.00004527
    1027 173.621132   0.00004513
    1533 119.128752   0.00009818
    1536 121.616815   0.00009636
    1539 118.187344   0.00009935
    2045 181.652005   0.00008589
    2048 181.682227   0.00008600
    2051 139.010295   0.00011257
    3069 261.048733   0.00008969
    3072 260.668167   0.00008991
    3075 260.666911   0.00009000
    4093 345.829064   0.00009030
    4096 344.983775   0.00009058
    4099 284.191456   0.00011004
    6141 456.333778   0.00010267
    6144 461.878636   0.00010149
    6147 450.848265   0.00010402
    8189 567.741097   0.00011005
    8192 575.902291   0.00010853
    8195 574.418167   0.00010885
   12285 634.252844   0.00014778
   12288 671.088164   0.00013970
   12291 682.764995   0.00013734
   16381 791.917321   0.00015782
   16384 786.892058   0.00015885
   16387 798.096936   0.00015665
   24573 1000.555177   0.00018737
   24576 1013.899679   0.00018493
   24579 1019.660665   0.00018391
   32765 1114.114256   0.00022437
   32768 1050.032802   0.00023809
   32771 1065.612705   0.00023463
   49149 1269.291200   0.00029542
   49152 1294.798771   0.00028962
   49155 1295.326480   0.00028952
   65533 1488.719786   0.00033584
   65536 1556.648040   0.00032120
   65539 1562.304768   0.00032005
   98301 1787.922569   0.00041947
   98304 1846.211368   0.00040624
   98307 1877.891960   0.00039940
  131069 1996.657685   0.00050083
  131072 2019.272337   0.00049523
  131075 2018.455023   0.00049544
  196605 2406.508792   0.00062330
  196608 2364.613592   0.00063435
  196611 2382.411612   0.00062962
  262141 2561.859093   0.00078067
  262144 2567.010110   0.00077912
  262147 2562.720141   0.00078043
  393213 2760.936256   0.00108658
  393216 2760.348306   0.00108682
  393219 2755.924255   0.00108857
  524285 2944.077493   0.00135865
  524288 2945.416656   0.00135804
  524291 2951.111007   0.00135543
  786429 3366.990400   0.00178200
  786432 3308.839243   0.00181332
  786435 3263.791803   0.00183836
 1048573 3443.108533   0.00232348
 1048576 3787.965757   0.00211195
 1048579 3813.560955   0.00209778
 1572861 3972.300531   0.00302091
 1572864 4287.417284   0.00279889
 1572867 4302.729880   0.00278893
 2097149 4359.346319   0.00367027
 2097152 4553.707558   0.00351362
 2097155 4604.185260   0.00347510
 3145725 4741.674055   0.00506150
 3145728 4625.849827   0.00518824
 3145731 4753.935324   0.00504845
 4194301 4259.468652   0.00751267
 4194304 4170.195060   0.00767350
 4194307 4016.353264   0.00796743
 6291453 3832.332841   0.01252500
 6291456 3354.559833   0.01430888
 6291459 3566.752599   0.01345763
 8388605 4865.015888   0.01315514
 8388608 4899.530116   0.01306248
 8388611 4857.624205   0.01317517
