       1 0.294501   0.00002591
       2 0.591375   0.00002580
       3 0.984686   0.00002324
       4 1.446647   0.00002110
       6 2.181930   0.00002098
       8 3.062359   0.00001993
      12 4.763702   0.00001922
      13 5.166799   0.00001920
      16 6.354551   0.00001921
      19 7.525163   0.00001926
      21 8.613650   0.00001860
      24 10.090871   0.00001815
      27 11.403829   0.00001806
      29 12.512188   0.00001768
      32 13.813393   0.00001767
      35 15.221280   0.00001754
      45 19.563357   0.00001755
      48 20.884231   0.00001754
      51 22.100223   0.00001761
      61 26.368538   0.00001765
      64 27.774763   0.00001758
      67 29.105060   0.00001756
      93 40.232923   0.00001764
      96 41.736880   0.00001755
      99 42.850210   0.00001763
     125 54.057420   0.00001764
     128 55.610269   0.00001756
     131 56.346287   0.00001774
     189 81.549512   0.00001768
     192 82.475965   0.00001776
     195 84.061957   0.00001770
     253 108.848396   0.00001773
     256 110.014424   0.00001775
     259 111.607271   0.00001771
     381 163.549175   0.00001777
     384 164.372421   0.00001782
     387 165.981299   0.00001779
     509 217.044262   0.00001789
     512 219.955985   0.00001776
     515 220.050509   0.00001786
     765 321.225396   0.00001817
     768 324.065726   0.00001808
     771 325.188726   0.00001809
    1021 428.857890   0.00001816
    1024 432.106876   0.00001808
    1027 432.885769   0.00001810
    1533 449.532653   0.00002602
    1536 450.460733   0.00002602
    1539 485.728095   0.00002417
    2045 597.724032   0.00002610
    2048 599.174122   0.00002608
    2051 600.457719   0.00002606
    3069 892.848540   0.00002622
    3072 893.420313   0.00002623
    3075 957.851263   0.00002449
    4093 1239.686795   0.00002519
    4096 1172.787430   0.00002665
    4099 1179.728866   0.00002651
    6141 1730.357745   0.00002708
    6144 1733.435620   0.00002704
    6147 1751.457913   0.00002678
    8189 2432.208336   0.00002569
    8192 2257.057445   0.00002769
    8195 2254.700325   0.00002773
   12285 3086.058032   0.00003037
   12288 3089.948448   0.00003034
   12291 3085.411316   0.00003039
   16381 3471.103489   0.00003601
   16384 3467.473574   0.00003605
   16387 3470.637171   0.00003602
   24573 4516.227195   0.00004151
   24576 4518.478308   0.00004150
   24579 4532.261596   0.00004138
   32765 5758.285122   0.00004341
   32768 5760.073001   0.00004340
   32771 5770.052606   0.00004333
   49149 7571.320649   0.00004953
   49152 7560.779422   0.00004960
   49155 7597.229424   0.00004936
   65533 9314.146781   0.00005368
   65536 10049.223253   0.00004976
   65539 9603.226219   0.00005207
   98301 12773.599763   0.00005871
   98304 12755.966067   0.00005880
   98307 12756.710703   0.00005879
  131069 14444.745675   0.00006923
  131072 15656.335163   0.00006387
  131075 15122.272015   0.00006613
  196605 36831.465742   0.00004073
  196608 55707.488768   0.00002693
  196611 55716.896918   0.00002692
  262141 52302.908552   0.00003824
  262144 52278.928073   0.00003826
  262147 52205.050196   0.00003831
  393213 56461.270644   0.00005313
  393216 56564.577254   0.00005304
  393219 56544.346903   0.00005306
  524285 58855.578359   0.00006796
  524288 58849.444543   0.00006797
  524291 58953.599082   0.00006785
  786429 61530.101713   0.00009751
  786432 61466.431571   0.00009761
  786435 61400.714206   0.00009772
 1048573 63066.845486   0.00012685
 1048576 62932.329598   0.00012712
 1048579 62882.638653   0.00012722
 1572861 64282.069656   0.00018668
 1572864 64412.327030   0.00018630
 1572867 64413.950791   0.00018630
 2097149 64532.018984   0.00024794
 2097152 65163.207339   0.00024554
 2097155 65197.360542   0.00024541
 3145725 64517.302064   0.00037199
 3145728 64137.631489   0.00037420
 3145731 64109.583927   0.00037436
 4194301 61019.545307   0.00052442
 4194304 60347.412820   0.00053026
 4194307 60495.150913   0.00052897
 6291453 54784.464476   0.00087616
 6291456 53972.006582   0.00088935
 6291459 54033.907391   0.00088833
 8388605 49983.686131   0.00128042
 8388608 49449.754423   0.00129424
 8388611 49719.373550   0.00128723
