       1 0.295595   0.00002581
       2 0.589942   0.00002586
       3 1.011300   0.00002263
       4 1.442661   0.00002115
       6 2.306648   0.00001985
       8 3.160478   0.00001931
      12 4.764672   0.00001921
      13 5.159173   0.00001922
      16 6.641857   0.00001838
      19 8.164046   0.00001776
      21 9.024510   0.00001775
      24 10.316912   0.00001775
      27 11.594098   0.00001777
      29 12.555635   0.00001762
      32 13.905483   0.00001756
      35 15.094810   0.00001769
      45 19.502009   0.00001760
      48 20.708637   0.00001768
      51 22.072970   0.00001763
      61 26.469410   0.00001758
      64 29.096938   0.00001678
      67 29.469010   0.00001735
      93 40.523442   0.00001751
      96 41.712736   0.00001756
      99 42.825219   0.00001764
     125 54.127341   0.00001762
     128 59.553641   0.00001640
     131 60.128481   0.00001662
     189 81.745829   0.00001764
     192 82.548232   0.00001775
     195 83.685105   0.00001778
     253 108.253597   0.00001783
     256 109.661964   0.00001781
     259 111.003416   0.00001780
     381 162.759041   0.00001786
     384 164.552237   0.00001780
     387 165.766485   0.00001781
     509 217.411873   0.00001786
     512 219.119138   0.00001783
     515 236.743546   0.00001660
     765 324.026717   0.00001801
     768 325.956713   0.00001798
     771 326.372448   0.00001802
    1021 429.048383   0.00001816
    1024 431.947100   0.00001809
    1027 461.649838   0.00001697
    1533 480.419258   0.00002435
    1536 480.764260   0.00002438
    1539 482.050829   0.00002436
    2045 638.914677   0.00002442
    2048 639.592147   0.00002443
    2051 639.155188   0.00002448
    3069 951.807680   0.00002460
    3072 952.187032   0.00002461
    3075 953.301851   0.00002461
    4093 1249.765723   0.00002499
    4096 1251.738101   0.00002497
    4099 1252.052783   0.00002498
    6141 1836.582160   0.00002551
    6144 1836.761581   0.00002552
    6147 1842.075753   0.00002546
    8189 2406.037966   0.00002597
    8192 2406.085935   0.00002598
    8195 2403.191484   0.00002602
   12285 3201.769345   0.00002927
   12288 3054.967166   0.00003069
   12291 3059.259223   0.00003065
   16381 3416.496563   0.00003658
   16384 3421.496620   0.00003653
   16387 3422.302162   0.00003653
   24573 4445.144521   0.00004218
   24576 4445.391729   0.00004218
   24579 4445.576529   0.00004218
   32765 5672.563408   0.00004407
   32768 5668.235055   0.00004411
   32771 5684.906105   0.00004398
   49149 7809.237154   0.00004802
   49152 8075.845477   0.00004643
   49155 7881.056395   0.00004759
   65533 9905.156225   0.00005048
   65536 9921.227143   0.00005040
   65539 9914.010698   0.00005044
   98301 12631.243046   0.00005937
   98304 13608.261778   0.00005511
   98307 12645.761249   0.00005931
  131069 15498.406504   0.00006452
  131072 15549.340435   0.00006431
  131075 15452.429845   0.00006472
  196605 36691.520261   0.00004088
  196608 54920.435719   0.00002731
  196611 55006.133902   0.00002727
  262141 52132.501635   0.00003836
  262144 52033.085985   0.00003844
  262147 52119.937869   0.00003837
  393213 56289.095390   0.00005330
  393216 56323.171845   0.00005326
  393219 56362.706425   0.00005323
  524285 58574.886336   0.00006829
  524288 58547.074234   0.00006832
  524291 58568.082636   0.00006830
  786429 61198.748525   0.00009804
  786432 61150.078536   0.00009812
  786435 61061.375909   0.00009826
 1048573 62318.084172   0.00012837
 1048576 62441.782207   0.00012812
 1048579 62498.285081   0.00012800
 1572861 63949.624547   0.00018765
 1572864 63819.721401   0.00018803
 1572867 63941.308279   0.00018767
 2097149 64052.176428   0.00024980
 2097152 64802.854425   0.00024690
 2097155 64675.002719   0.00024739
 3145725 63431.351685   0.00037836
 3145728 63069.770764   0.00038053
 3145731 63083.932770   0.00038045
 4194301 60591.566241   0.00052813
 4194304 60081.844829   0.00053261
 4194307 59911.194033   0.00053412
 6291453 54278.487108   0.00088433
 6291456 53662.859438   0.00089447
 6291459 53662.074499   0.00089449
 8388605 49648.750022   0.00128906
 8388608 49315.171472   0.00129778
 8388611 49208.371609   0.00130059
