       1 0.296196   0.00002576
       2 0.592978   0.00002573
       3 0.906708   0.00002524
       4 1.319657   0.00002313
       6 2.180676   0.00002099
       8 3.157342   0.00001933
      12 4.756926   0.00001925
      13 5.139556   0.00001930
      16 6.342734   0.00001925
      19 7.531918   0.00001925
      21 8.796036   0.00001821
      24 10.279884   0.00001781
      27 11.631813   0.00001771
      29 12.505180   0.00001769
      32 13.821338   0.00001766
      35 15.113028   0.00001767
      45 19.426057   0.00001767
      48 20.775737   0.00001763
      51 22.122737   0.00001759
      61 26.498787   0.00001756
      64 27.687635   0.00001764
      67 29.027794   0.00001761
      93 40.262761   0.00001762
      96 41.505730   0.00001765
      99 42.440771   0.00001780
     125 57.806167   0.00001650
     128 55.354213   0.00001764
     131 56.254157   0.00001777
     189 81.287480   0.00001774
     192 82.915962   0.00001767
     195 84.191645   0.00001767
     253 110.328068   0.00001750
     256 115.717298   0.00001688
     259 111.647705   0.00001770
     381 163.429657   0.00001779
     384 165.103680   0.00001774
     387 165.717656   0.00001782
     509 218.234480   0.00001779
     512 223.111841   0.00001751
     515 219.969728   0.00001786
     765 324.571557   0.00001798
     768 325.235688   0.00001802
     771 325.976644   0.00001805
    1021 430.941980   0.00001808
    1024 454.130649   0.00001720
    1027 464.977142   0.00001685
    1533 476.670826   0.00002454
    1536 477.656192   0.00002453
    1539 479.063063   0.00002451
    2045 633.275379   0.00002464
    2048 632.327442   0.00002471
    2051 636.105966   0.00002460
    3069 943.027904   0.00002483
    3072 947.529693   0.00002474
    3075 945.322764   0.00002482
    4093 1231.654626   0.00002535
    4096 1232.528540   0.00002535
    4099 1244.781661   0.00002512
    6141 1823.942969   0.00002569
    6144 1826.433499   0.00002566
    6147 1828.603195   0.00002565
    8189 2371.730829   0.00002634
    8192 2381.803224   0.00002624
    8195 2384.438086   0.00002622
   12285 3148.471503   0.00002977
   12288 3044.438879   0.00003079
   12291 3043.639269   0.00003081
   16381 3423.764817   0.00003650
   16384 3419.902237   0.00003655
   16387 3523.071806   0.00003549
   24573 4550.241585   0.00004120
   24576 4431.644395   0.00004231
   24579 4441.995916   0.00004222
   32765 5644.239060   0.00004429
   32768 5656.404271   0.00004420
   32771 5650.484664   0.00004425
   49149 7827.249341   0.00004791
   49152 7681.464154   0.00004882
   49155 7856.382447   0.00004773
   65533 9902.380219   0.00005049
   65536 9903.456750   0.00005049
   65539 9887.685465   0.00005057
   98301 13561.332254   0.00005530
   98304 12647.630081   0.00005930
   98307 12597.888928   0.00005954
  131069 15473.462657   0.00006463
  131072 15521.964936   0.00006442
  131075 15458.819283   0.00006469
  196605 36540.936446   0.00004105
  196608 54634.154989   0.00002746
  196611 54707.286501   0.00002742
  262141 52205.306971   0.00003831
  262144 52374.494071   0.00003819
  262147 52293.572539   0.00003825
  393213 56092.337617   0.00005348
  393216 56256.656896   0.00005333
  393219 56389.732889   0.00005320
  524285 58657.818611   0.00006819
  524288 58529.396668   0.00006834
  524291 58560.531887   0.00006831
  786429 61011.563537   0.00009834
  786432 61122.198916   0.00009816
  786435 61130.951130   0.00009815
 1048573 62566.079343   0.00012786
 1048576 62572.591187   0.00012785
 1048579 62509.417983   0.00012798
 1572861 63922.551912   0.00018773
 1572864 63957.701097   0.00018762
 1572867 64067.557653   0.00018730
 2097149 64627.193314   0.00024757
 2097152 64797.588811   0.00024692
 2097155 64784.572910   0.00024697
 3145725 63929.419088   0.00037541
 3145728 63658.592276   0.00037701
 3145731 63773.501407   0.00037633
 4194301 60655.548163   0.00052757
 4194304 59744.128955   0.00053562
 4194307 59812.581045   0.00053500
 6291453 54263.935973   0.00088456
 6291456 54402.104099   0.00088232
 6291459 54557.909532   0.00087980
 8388605 49305.052174   0.00129804
 8388608 49663.075187   0.00128868
 8388611 49712.831193   0.00128739
