       1 0.297689   0.00002563
       2 0.595725   0.00002561
       3 0.999960   0.00002289
       4 1.461054   0.00002089
       6 2.390325   0.00001915
       8 3.207073   0.00001903
      12 4.794853   0.00001909
      13 5.174979   0.00001917
      16 6.346922   0.00001923
      19 8.194780   0.00001769
      21 9.053477   0.00001770
      24 10.360779   0.00001767
      27 11.649321   0.00001768
      29 12.471131   0.00001774
      32 13.849806   0.00001763
      35 15.208016   0.00001756
      45 19.541710   0.00001757
      48 20.871501   0.00001755
      51 22.184899   0.00001754
      61 27.460684   0.00001695
      64 28.033218   0.00001742
      67 29.125622   0.00001755
      93 40.467402   0.00001753
      96 41.791133   0.00001753
      99 42.958835   0.00001758
     125 54.815944   0.00001740
     128 55.609094   0.00001756
     131 56.701790   0.00001763
     189 81.814791   0.00001762
     192 83.140805   0.00001762
     195 84.558976   0.00001759
     253 109.930067   0.00001756
     256 119.518029   0.00001634
     259 113.074531   0.00001748
     381 163.026269   0.00001783
     384 165.108571   0.00001774
     387 166.070062   0.00001778
     509 218.089050   0.00001781
     512 236.214069   0.00001654
     515 233.593469   0.00001682
     765 324.823328   0.00001797
     768 326.040715   0.00001797
     771 329.426895   0.00001786
    1021 433.610196   0.00001796
    1024 451.387883   0.00001731
    1027 468.998380   0.00001671
    1533 478.186313   0.00002446
    1536 481.112089   0.00002436
    1539 482.403077   0.00002434
    2045 638.620010   0.00002443
    2048 638.321954   0.00002448
    2051 639.857139   0.00002446
    3069 951.103007   0.00002462
    3072 952.210940   0.00002461
    3075 950.995981   0.00002467
    4093 1248.461024   0.00002501
    4096 1245.872878   0.00002508
    4099 1257.740348   0.00002486
    6141 1844.469003   0.00002540
    6144 1847.873160   0.00002537
    6147 1853.764945   0.00002530
    8189 2394.102125   0.00002610
    8192 2394.083344   0.00002611
    8195 2411.526780   0.00002593
   12285 3132.359115   0.00002992
   12288 3061.597982   0.00003062
   12291 3064.002963   0.00003060
   16381 3445.259750   0.00003628
   16384 3448.489349   0.00003625
   16387 3493.478214   0.00003579
   24573 4805.523307   0.00003901
   24576 4471.115248   0.00004194
   24579 4479.127364   0.00004187
   32765 5691.538152   0.00004392
   32768 5704.544582   0.00004382
   32771 5701.261303   0.00004385
   49149 8085.080424   0.00004638
   49152 8055.591241   0.00004655
   49155 8080.293297   0.00004641
   65533 9957.781108   0.00005021
   65536 9956.062456   0.00005022
   65539 9957.824776   0.00005021
   98301 13358.787685   0.00005614
   98304 12641.743501   0.00005933
   98307 12661.247796   0.00005924
  131069 15534.154890   0.00006437
  131072 15512.543867   0.00006446
  131075 15517.573067   0.00006444
  196605 36821.864427   0.00004074
  196608 54895.050752   0.00002732
  196611 54984.871024   0.00002728
  262141 52109.318498   0.00003838
  262144 52125.286308   0.00003837
  262147 52176.501140   0.00003833
  393213 56077.965307   0.00005350
  393216 56289.276066   0.00005330
  393219 56297.897700   0.00005329
  524285 58599.135462   0.00006826
  524288 58611.620323   0.00006825
  524291 58643.022183   0.00006821
  786429 61237.087958   0.00009798
  786432 61391.288650   0.00009773
  786435 61395.552646   0.00009773
 1048573 62773.094516   0.00012744
 1048576 62802.862626   0.00012738
 1048579 62812.489439   0.00012736
 1572861 64457.220279   0.00018617
 1572864 64575.739328   0.00018583
 1572867 64330.214254   0.00018654
 2097149 64398.599954   0.00024845
 2097152 65172.495139   0.00024550
 2097155 64932.753171   0.00024641
 3145725 64323.873484   0.00037311
 3145728 63355.579793   0.00037881
 3145731 63410.695459   0.00037849
 4194301 60782.591505   0.00052647
 4194304 59832.670257   0.00053482
 4194307 59860.626850   0.00053458
 6291453 54427.039239   0.00088191
 6291456 53609.321944   0.00089537
 6291459 53757.049394   0.00089291
 8388605 50163.176630   0.00127584
 8388608 49385.605004   0.00129592
 8388611 49459.135268   0.00129400
