       1 0.296993   0.00002569
       2 0.595525   0.00002562
       3 0.988705   0.00002315
       4 1.452007   0.00002102
       6 2.186672   0.00002093
       8 2.918305   0.00002091
      12 4.763067   0.00001922
      13 5.183108   0.00001914
      16 6.362199   0.00001919
      19 8.153792   0.00001778
      21 8.363343   0.00001916
      24 9.737724   0.00001880
      27 11.600334   0.00001776
      29 12.504778   0.00001769
      32 13.820893   0.00001766
      35 15.067253   0.00001772
      45 19.421727   0.00001768
      48 20.757426   0.00001764
      51 21.972392   0.00001771
      61 26.161452   0.00001779
      64 27.474056   0.00001777
      67 28.868485   0.00001771
      93 39.999752   0.00001774
      96 41.337220   0.00001772
      99 42.300888   0.00001786
     125 53.502214   0.00001782
     128 54.738209   0.00001784
     131 55.661898   0.00001796
     189 80.660654   0.00001788
     192 81.796432   0.00001791
     195 83.231805   0.00001787
     253 108.292091   0.00001782
     256 109.119916   0.00001790
     259 110.959967   0.00001781
     381 161.484191   0.00001800
     384 162.408455   0.00001804
     387 163.823542   0.00001802
     509 215.467360   0.00001802
     512 216.944337   0.00001801
     515 217.065512   0.00001810
     765 321.326823   0.00001816
     768 324.606703   0.00001805
     771 325.589707   0.00001807
    1021 431.029938   0.00001807
    1024 431.352014   0.00001811
    1027 430.950153   0.00001818
    1533 462.952103   0.00002526
    1536 475.129996   0.00002466
    1539 444.196424   0.00002643
    2045 586.995094   0.00002658
    2048 587.124010   0.00002661
    2051 588.460770   0.00002659
    3069 874.263455   0.00002678
    3072 941.024703   0.00002491
    3075 875.803725   0.00002679
    4093 1149.922601   0.00002716
    4096 1149.310573   0.00002719
    4099 1153.203832   0.00002712
    6141 1690.957684   0.00002771
    6144 1814.825670   0.00002583
    6147 1698.080724   0.00002762
    8189 2211.259672   0.00002825
    8192 2212.576183   0.00002825
    8195 2214.199236   0.00002824
   12285 3030.350798   0.00003093
   12288 3036.623730   0.00003087
   12291 3035.453786   0.00003089
   16381 3418.946564   0.00003655
   16384 3411.671134   0.00003664
   16387 3408.612203   0.00003668
   24573 4395.632027   0.00004265
   24576 4407.685221   0.00004254
   24579 4414.225842   0.00004248
   32765 5624.088370   0.00004445
   32768 5626.524901   0.00004443
   32771 5629.681237   0.00004441
   49149 7443.819509   0.00005037
   49152 7437.267385   0.00005042
   49155 7775.793050   0.00004823
   65533 9180.598682   0.00005446
   65536 9178.433171   0.00005448
   65539 9168.854575   0.00005453
   98301 12554.103098   0.00005974
   98304 12533.430242   0.00005984
   98307 12539.329554   0.00005981
  131069 14571.261050   0.00006863
  131072 14213.082250   0.00007036
  131075 14229.616764   0.00007028
  196605 34566.576460   0.00004339
  196608 54566.675697   0.00002749
  196611 54649.476770   0.00002745
  262141 52969.236684   0.00003776
  262144 53149.240158   0.00003763
  262147 52972.764744   0.00003776
  393213 56513.135117   0.00005308
  393216 56411.706188   0.00005318
  393219 56367.341261   0.00005322
  524285 58659.948168   0.00006819
  524288 58726.445110   0.00006811
  524291 58682.196734   0.00006816
  786429 61239.629186   0.00009798
  786432 61262.170608   0.00009794
  786435 61279.844731   0.00009791
 1048573 62727.695920   0.00012754
 1048576 62775.137541   0.00012744
 1048579 62796.895698   0.00012740
 1572861 64386.227865   0.00018637
 1572864 64461.778098   0.00018616
 1572867 64430.621848   0.00018625
 2097149 64982.772627   0.00024622
 2097152 64980.667126   0.00024623
 2097155 65086.936526   0.00024583
 3145725 64918.416388   0.00036969
 3145728 63287.472643   0.00037922
 3145731 63464.265874   0.00037817
 4194301 60701.372283   0.00052717
 4194304 59964.479071   0.00053365
 4194307 59916.801905   0.00053407
 6291453 54636.925614   0.00087853
 6291456 53787.973533   0.00089239
 6291459 53848.370840   0.00089139
 8388605 50304.820590   0.00127224
 8388608 49456.528986   0.00129407
 8388611 49557.894467   0.00129142
